place,title,msg,price,per_meter,year,area,age,lat,lng,income,loc,place,平均值项:lat,平均值项:lng,平均值项:per_meter,,,,,,,
万盛金邸,满五＋精装修＋近万达＋高品质＋急售,低楼层 (共14层) | 2013年建 | 4室1厅 | 128.56平米 | 南,318,"24,736",2013,128.56,9,30.75882687,121.345493,42290,3,宝华海湾城,30.83264687,121.561072,25085.21429,,,,,,,
万盛金邸,农工商房产，小区房龄新，楼间距足够。,低楼层 (共11层) | 2013年建 | 2室2厅 | 91.15平米 | 南,245,"26,879",2013,91.15,9,30.75882687,121.345493,42290,3,滨海三村,31.15022182,121.7925412,12261,,,19074.27,4290.38,30444,9743,18642
万盛金邸,万盛金邸四房 四开间朝南 精装修拎包入住,低楼层 (共14层) | 2013年建 | 4室2厅 | 128.56平米 | 南,310,"24,114",2013,128.56,9,30.75882687,121.345493,42290,3,滨海一村,30.73478953,121.3303298,12711,,,,,,,
万盛金邸,农房中区两房 满五年 简单装修 飞机户型,中楼层 (共11层) | 2013年建 | 2室2厅 | 92.82平米 | 南 北,275,"29,628",2013,92.82,9,30.75882687,121.345493,42290,3,辰凯花苑,30.73211029,121.3473317,18584.57143,,,,,,,
万盛金邸,满五年+精装修+近万达+急售+高品质,低楼层 (共11层) | 2013年建 | 2室2厅 | 81.56平米 | 南,190,"23,296",2013,81.56,9,30.75882687,121.345493,42290,3,辰凯紫薇苑,30.7394505,121.3458768,20437.33333,,,,,,,
万盛金邸,眼界定疆界 一览瞰天下 万盛金邸 品质小区 诚意出售,低楼层 (共16层) | 2013年建 | 2室1厅 | 83.33平米 | 南,190,"22,801",2013,83.33,9,30.75882687,121.345493,42290,3,东礁二村,30.73046949,121.3483895,15657,,,,,,,
万盛金邸,近万达，品质小区，精装修，全明户型,低楼层 (共11层) | 2013年建 | 2室2厅 | 81.56平米 | 南 北,203,"24,890",2013,81.56,9,30.75882687,121.345493,42290,3,东礁三村,30.72789304,121.346481,16742,,,,,,,
万盛金邸,纯毛坯 满五年 近万达 低总价,低楼层 (共14层) | 2014年建 | 2室2厅 | 91.62平米 | 南,230,"25,104",2014,91.62,8,30.75882687,121.345493,42290,3,东礁四村,30.72852453,121.3500919,16487.16667,,,,,,,
万盛金邸,满五年＋精装修＋近万达＋急售＋高品质,中楼层 (共18层) | 2014年建 | 3室2厅 | 107.74平米 | 南 北,328,"30,444",2014,107.74,8,30.75882687,121.345493,42290,3,东礁一村,30.72939978,121.3455676,16298.26667,,,,,,,
万盛金邸,"新城万达旁，南北通三房,低楼层，适合老人和小孩居住",低楼层 (共11层) | 2013年建 | 3室2厅 | 107.49平米 | 南 北,322,"29,957",2013,107.49,9,30.75882687,121.345493,42290,3,东泉新村,30.73247876,121.3565483,18790.41667,,,,,,,
万盛金邸,万盛金邸 2室2厅 南 北,低楼层 (共17层) | 2014年建 | 2室2厅 | 92.95平米 | 南 北,240,"25,821",2014,92.95,8,30.75882687,121.345493,42290,3,东泉一村,30.7289024,121.3522707,19191,,,,,,,
万盛金邸,满五 小三房 有钥匙 诚心出售,低楼层 (共16层) | 2013年建 | 3室2厅 | 113平米 | 南 北,230,"20,354",2013,113,9,30.75882687,121.345493,42290,3,飞虹北村,30.73443707,121.3222866,11983.64286,,,,,,,
万盛金邸,满五年、飞机户型、精装三房、业主诚意出售,低楼层 (共18层) | 2014年建 | 3室2厅 | 107.74平米 | 南,315,"29,238",2014,107.74,8,30.75882687,121.345493,42290,3,飞虹南村,30.7319959,121.3222325,11917.42105,,,,,,,
万达华府,万达华府 3室2厅 南,低楼层 (共33层) | 2015年建 | 3室2厅 | 150.07平米 | 南,272,"18,125",2015,150.07,7,30.7620724,121.3422001,42290,3,古城新苑,30.75731335,121.3296005,18560.33333,,,,,,,
万达华府,满五税少 近医院 精装修 全明户型,低楼层 (共33层) | 2015年建 | 2室2厅 | 88平米 | 南 北,220,"25,000",2015,88,7,30.7620724,121.3422001,42290,3,海辰馨苑,30.76273291,121.3571118,17812.69231,,,,,,,
万达华府,近万达+毛坯房+有钥匙+业主诚心,低楼层 (共33层) | 2015年建 | 2室2厅 | 88.49平米 | 南,210,"23,732",2015,88.49,7,30.7620724,121.3422001,42290,3,海趣馨苑,30.75346594,121.3402853,19401.28571,,,,,,,
万达华府,近万达广场、金山医院和金山新城公园，配套齐全.,中楼层 (共32层) | 2015年建 | 2室2厅 | 88.5平米 | 南 北,226,"25,537",2015,88.5,7,30.7620724,121.3422001,42290,3,海上明珠园,30.72899506,121.3640763,19365.54545,,,,,,,
万达华府,万达华府 2室2厅 南 北,中楼层 (共37层) | 2015年建 | 2室2厅 | 88平米 | 南 北,240,"27,273",2015,88,7,30.7620724,121.3422001,42290,3,海上纳缇,30.75873285,121.333003,27890.66667,,,,,,,
万达华府,满五，万达，新城公园，装修，永辉,低楼层 (共33层) | 2015年建 | 2室2厅 | 88.49平米 | 南,190,"21,472",2015,88.49,7,30.7620724,121.3422001,42290,3,海尚馨苑,30.76142786,121.352832,19246,,,,,,,
万达华府,满五税少 带停车位 可以看见升国旗。,低楼层 (共33层) | 2015年建 | 3室2厅 | 112平米 | 南 北,271,"24,197",2015,112,7,30.7620724,121.3422001,42290,3,海棠新村,30.72599715,121.354591,13595.5,,,,,,,
万达华府,楼层好视野通风良好 人车分流 商场配套,高楼层 (共33层) | 2015年建 | 2室2厅 | 88.44平米 | 南 北,220,"24,876",2015,88.44,7,30.7620724,121.3422001,42290,3,合生财富海景公馆,30.73173399,121.3593525,25889.15385,,,,,,,
万达华府,万达商圈+精装大三房+南北通+动静分离,低楼层 (共33层) | 2015年建 | 3室2厅 | 130.63平米 | 南,330,"25,263",2015,130.63,7,30.7620724,121.3422001,42290,3,金海岸花园,30.73380344,121.3632081,18919.05128,,,,,,,
万达华府,有车位，高楼层，精致两房 错过可惜,高楼层 (共32层) | 2015年建 | 2室2厅 | 86.84平米 | 南,227,"26,141",2015,86.84,7,30.7620724,121.3422001,42290,3,金康花苑,30.74472788,121.319802,13747.64286,,,,,,,
三岛龙州苑,小火车+百联+万达+金山医院+好人公园,中楼层 (共18层) | 2005年建 | 2室2厅 | 103平米 | 南,208,"20,195",2005,103,17,30.74107089,121.349887,42290,3,金悦华庭,30.75521426,121.3346415,23403,,,,,,,
三岛龙州苑,成熟商圈+近菜场近百联近金山卫+中城区位置好,低楼层 (共14层) | 2005年建 | 3室2厅 | 122.51平米 | 南,253,"20,652",2005,122.51,17,30.74107089,121.349887,42290,3,君逸公馆,30.75032464,121.3375599,22444,,,,,,,
三岛龙州苑,百联+小火车+好人公园+户型方正,低楼层 (共18层) | 2005年建 | 2室2厅 | 103.57平米 | 南,205,"19,794",2005,103.57,17,30.74107089,121.349887,42290,3,临潮二村,30.72376819,121.3569211,13995.4,,,,,,,
三岛龙州苑,养老改善，金山百联，好人公园，蒙山大菜场满五,高楼层 (共18层) | 2005年建 | 3室2厅 | 125.39平米 | 南,262,"20,895",2005,125.39,17,30.74107089,121.349887,42290,3,临潮三村,30.72179351,121.356776,13805.5,,,,,,,
三岛龙州苑,满五，飞机户型，楼层好，视野宽阔，采光充足,中楼层 (共6层) | 2004年建 | 3室2厅 | 122平米 | 南,250,"20,492",2004,122,18,30.74107089,121.349887,42290,3,临潮一村,30.72308032,121.3534823,15329.33333,,,,,,,
三岛龙州苑,三岛龙州苑 4室2厅 南,高楼层 (共5层) | 2004年建 | 4室2厅 | 154.51平米 | 南,300,"19,417",2004,154.51,18,30.74107089,121.349887,42290,3,龙泽园,30.75174288,121.348933,23779.27273,,,,,,,
三岛龙州苑,成熟商圈+中城区近百联+精装修三房,中楼层 (共12层) | 2005年建 | 3室2厅 | 127.24平米 | 南,278,"21,849",2005,127.24,17,30.74107089,121.349887,42290,3,龙泽园六期,30.7537648,121.3486524,25282,,,,,,,
三岛龙州苑,养老改善，金山百联，好人公园，蒙山大菜场,低楼层 (共6层) | 2004年建 | 2室2厅 | 95.91平米 | 南 北,197,"20,541",2004,95.91,18,30.74107089,121.349887,42290,3,龙泽园五期,30.75299988,121.344945,22727.75,,,,,,,
三岛龙州苑,小区位置好，楼层好，户型正气，精装，满五年,高楼层 (共6层) | 2004年建 | 2室2厅 | 99.38平米 | 南 北,198,"19,924",2004,99.38,18,30.74107089,121.349887,42290,3,绿地金山名邸,30.75471027,121.3233658,19372.73684,,,,,,,
东泉一村,配套成熟+近地铁22号线+小区环境好,高楼层 (共6层) | 1994年建 | 2室1厅 | 57.32平米 | 南,110,"19,191",1994,57.32,28,30.7289024,121.3522707,42290,3,绿地金卫新家园（东区）,30.74996253,121.3204121,16330.32,,,,,,,
东泉新村,近地铁＋近百联＋视野佳＋满五年,中楼层 (共6层) | 2000年建 | 3室2厅 | 99.9平米 | 南,202,"20,221",2000,99.9,22,30.73247876,121.3565483,42290,3,绿地金卫新家园（西区）,30.74999628,121.3169131,15963.5,,,,,,,
东泉新村,东泉新村 3室2厅 南,高楼层 (共6层) | 2003年建 | 3室2厅 | 111.12平米 | 南,205,"18,449",2003,111.12,19,30.73247876,121.3565483,42290,3,绿地玲珑寓,30.75423397,121.3208018,17548,,,,,,,
东泉新村,东泉新村 3室2厅 南,高楼层 (共6层) | 1998年建 | 3室2厅 | 95.75平米 | 南,172,"17,964",1998,95.75,24,30.73247876,121.3565483,42290,3,梅州新村,31.83559998,121.3384021,13716.75,,,,,,,
东泉新村,双朝南三房＋满五＋成熟商圈＋无抵押,中楼层 (共6层) | 2000年建 | 3室1厅 | 99平米 | 南,195,"19,697",2000,99,22,30.73247876,121.3565483,42290,3,三岛龙州苑,30.74107089,121.349887,20417.66667,,,,,,,
东泉新村,满五年 免增值税 22线 金山卫旁 百联边 视野佳,高楼层 (共6层) | 1998年建 | 3室2厅 | 94.72平米 | 南,167,"17,631",1998,94.72,24,30.73247876,121.3565483,42290,3,山康花苑,30.74501265,121.3170019,14579.66667,,,,,,,
东泉新村,边套，全明敞亮三房，视野开阔，金山百 合格联，小火,低楼层 (共6层) | 1998年建 | 3室1厅 | 95.75平米 | 南 北,195,"20,366",1998,95.75,24,30.73247876,121.3565483,42290,3,山龙新村,30.73552908,121.3462074,17440.41667,,,,,,,
东泉新村,金山卫 地铁 XUEQU 两房 视野开阔，采光充足,高楼层 (共6层) | 1999年建 | 3室2厅 | 95.75平米 | 南,170,"17,755",1999,95.75,23,30.73247876,121.3565483,42290,3,山鑫公寓,30.73356357,121.3461028,16304,,,,,,,
东泉新村,双南加一北 金山22号线 金山卫旁 百联旁,高楼层 (共6层) | 2000年建 | 3室2厅 | 98.82平米 | 南,175,"17,709",2000,98.82,22,30.73247876,121.3565483,42290,3,山鑫康城,30.73615524,121.3677034,18636.2,,,,,,,
东泉新村,满五 南北 天然氧吧 看房方便 业主诚意出售,高楼层 (共6层) | 2001年建 | 2室2厅 | 99.96平米 | 南,185,"18,508",2001,99.96,21,30.73247876,121.3565483,42290,3,山鑫联城花苑,30.7421463,121.362929,16721.28571,,,,,,,
东泉新村,满五 钥匙房 大两房 南北厅 双卫,中楼层 (共6层) | 2001年建 | 2室2厅 | 99.96平米 | 南 北,192,"19,208",2001,99.96,21,30.73247876,121.3565483,42290,3,山鑫阳光城,30.73371086,121.3535348,24949,,,,,,,
东泉新村,满五年 无增值税 22号线 金山卫旁 百联边 中间楼层,中楼层 (共6层) | 1998年建 | 3室2厅 | 94.74平米 | 南,185,"19,528",1998,94.74,24,30.73247876,121.3565483,42290,3,书香门第,31.24382121,121.391724,21312,,,,,,,
东泉新村,东泉新村 3室2厅 南,高楼层 (共6层) | 2003年建 | 3室2厅 | 111.12平米 | 南,205,"18,449",2003,111.12,19,30.73247876,121.3565483,42290,3,水韵悦城,30.75285432,121.3359281,24942.33333,,,,,,,
东礁一村,小火车+石化汽车站+金山百联+公园+菜场,低楼层 (共23层) | 1996年建 | 2室1厅 | 77平米 | 南 北,110,"14,286",1996,77,26,30.72939978,121.3455676,42290,3,万达华府,30.7620724,121.3422001,24161.6,,,,,,,
东礁一村,总价低，近地铁，近百联，南北户型，配套齐全,高楼层 (共6层) | 1994年建 | 2室1厅 | 57.32平米 | 南,98,"17,097",1994,57.32,28,30.72939978,121.3455676,42290,3,万盛金邸,30.75882687,121.345493,25943.23077,,,,,,,
东礁一村,东礁 南北两房 高楼层 采光充足 * 税费少,高楼层 (共6层) | 1992年建 | 2室1厅 | 57.32平米 | 南 北,84,"14,655",1992,57.32,30,30.72939978,121.3455676,42290,3,卫康花苑,30.74131136,121.3215334,14277.4,,,,,,,
东礁一村,小火车+石化汽车站+金山百联+公园+菜场,低楼层 (共23层) | 1996年建 | 2室1厅 | 77平米 | 南 北,110,"14,286",1996,77,26,30.72939978,121.3455676,42290,3,新城旭辉府,31.2793002,121.5155384,25320.5,,,,,,,
东礁一村,东礁一村 2室1厅 南 北,低楼层 (共6层) | 1992年建 | 2室1厅 | 55.28平米 | 南 北,100,"18,090",1992,55.28,30,30.72939978,121.3455676,42290,3,御景龙庭,30.73828784,121.330681,18553.71429,,,,,,,
东礁一村,是小3房，总价低，满五，采光充足，楼层好,高楼层 (共6层) | 1992年建 | 3室1厅 | 67平米 | 南,118,"17,612",1992,67,30,30.72939978,121.3455676,42290,3,赞成红树林,30.75645089,121.338614,26239.42857,,,,,,,
东礁一村,东礁一村 2室1厅 南 北,高楼层 (共25层) | 1996年建 | 2室1厅 | 76平米 | 南 北,122,"16,053",1996,76,26,30.72939978,121.3455676,42290,3,正荣御首府,30.75156543,121.3253855,22413.57895,,,,,,,
东礁一村,买进只有契税+通透两房+一公里到百联,高楼层 (共6层) | 1992年建 | 2室1厅 | 57.32平米 | 南 北,96,"16,749",1992,57.32,30,30.72939978,121.3455676,42290,3,(空白),,,,,,,,,,
东礁一村,楼层好，视野开阔，采光充足，配套设施齐全，交通便利,高楼层 (共6层) | 1992年建 | 3室1厅 | 66.44平米 | 南 西 北,113,"17,008",1992,66.44,30,30.72939978,121.3455676,42290,3,总计,30.78493245,121.3541024,19074.27239,,,,,,,
东礁一村,视野开阔，购房成本低，吃喝玩一体，楼层好,高楼层 (共6层) | 1992年建 | 2室1厅 | 55.79平米 | 南 北,85,"15,236",1992,55.79,30,30.72939978,121.3455676,42290,3,,,,,,,,,,,
东礁一村,东礁一村 南北2房 闹中取静 天然氧吧 诚意出售,高楼层 (共6层) | 1993年建 | 2室1厅 | 57.32平米 | 南,98,"17,097",1993,57.32,29,30.72939978,121.3455676,42290,3,,,,,,,,,,,
东礁一村,东礁一村 2室1厅 南 北,高楼层 (共25层) | 1996年建 | 2室1厅 | 76平米 | 南 北,122,"16,053",1996,76,26,30.72939978,121.3455676,42290,3,,,,,,,,,,,
东礁一村,采光好视野佳+南北通透两房+近百联近金山卫小火车,中楼层 (共25层) | 1996年建 | 2室1厅 | 77.55平米 | 南 北,126,"16,248",1996,77.55,26,30.72939978,121.3455676,42290,3,,,,,,,,,,,
东礁一村,总价低，近地铁，近百联，南北户型，配套齐全,高楼层 (共6层) | 1992年建 | 2室1厅 | 57.32平米 | 南,103,"17,970",1992,57.32,30,30.72939978,121.3455676,42290,3,,,,,,,,,,,
东礁一村,3房+小火车+金山百联+公园+菜场,高楼层 (共6层) | 1992年建 | 3室1厅 | 66.11平米 | 南,106,"16,034",1992,66.11,30,30.72939978,121.3455676,42290,3,,,,,,,,,,,
东礁三村,视野佳，欢迎来看看房，诚意出售,高楼层 (共6层) | 1993年建 | 2室1厅 | 57.27平米 | 南,90,"15,716",1993,57.27,29,30.72789304,121.346481,42290,3,,,,,,,,,,,
东礁三村,近蒙山＋简装两房＋满五＋朝南大卧室带阳台,高楼层 (共6层) | 1993年建 | 2室1厅 | 57.32平米 | 南,97,"16,923",1993,57.32,29,30.72789304,121.346481,42290,3,,,,,,,,,,,
东礁三村,全明户型，3房，满5年，公园旁，*方便，小火车,高楼层 (共6层) | 1993年建 | 3室1厅 | 65.39平米 | 南 北 西,115,"17,587",1993,65.39,29,30.72789304,121.346481,42290,3,,,,,,,,,,,
东礁二村,首付25万视野开阔，采光充足，配套设施齐全，交通便利,低楼层 (共25层) 2室1厅 | 76平米 | 南,120,"15,790",,76,,30.73046949,121.3483895,42290,3,,,,,,,,,,,
东礁二村,首付45万起视野开阔，采光充足，配套合格设施齐全,高楼层 (共6层) | 1994年建 | 2室1厅 | 56.22平米 | 南,89.9,"15,991",1994,56.22,28,30.73046949,121.3483895,42290,3,,,,,,,,,,,
东礁二村,地铁22号线，户型方正，配套成熟，看房方便,低楼层 (共6层) | 2003年建 | 3室2厅 | 129.08平米 | 南 北,190,"14,720",2003,129.08,19,30.73046949,121.3483895,42290,3,,,,,,,,,,,
东礁二村,一梯一户+首付低+公园+菜场+小火车,高楼层 (共6层) | 1994年建 | 3室1厅 | 68.21平米 | 南 北,110,"16,127",1994,68.21,28,30.73046949,121.3483895,42290,3,,,,,,,,,,,
东礁四村,满五年就一套房子+通风采光好+有钥匙看房方便,高楼层 (共6层) | 1994年建 | 2室1厅 | 56.86平米 | 南 北,91,"16,005",1994,56.86,28,30.72852453,121.3500919,42290,3,,,,,,,,,,,
东礁四村,满五 南北通透格局 楼层好,高楼层 (共6层) | 1994年建 | 2室1厅 | 56.86平米 | 南 北,93,"16,356",1994,56.86,28,30.72852453,121.3500919,42290,3,,,,,,,,,,,
东礁四村,首付22万起+满五+总价低+配套齐全+双南两房,高楼层 (共6层) | 1994年建 | 2室1厅 | 56.22平米 | 南,95,"16,898",1994,56.22,28,30.72852453,121.3500919,42290,3,,,,,,,,,,,
东礁四村,低首付+刚需+22号线+大氧吧,高楼层 (共6层) | 1994年建 | 2室1厅 | 56.22平米 | 南,92,"16,365",1994,56.22,28,30.72852453,121.3500919,42290,3,,,,,,,,,,,
东礁四村,地铁22号线+近地铁+百联旁+南北通,高楼层 (共6层) | 1994年建 | 2室1厅 | 56.22平米 | 南,91,"16,187",1994,56.22,28,30.72852453,121.3500919,42290,3,,,,,,,,,,,
东礁四村,百联、乐购旁 小户型 非顶楼 生活设施全 满五仅一套,高楼层 (共6层) | 1994年建 | 2室1厅 | 57.27平米 | 南,98,"17,112",1994,57.27,28,30.72852453,121.3500919,42290,3,,,,,,,,,,,
临潮一村,临潮一村 2室1厅 南,高楼层 (共6层) | 1990年建 | 2室1厅 | 59平米 | 南,86,"14,577",1990,59,32,30.72308032,121.3534823,42290,3,,,,,,,,,,,
临潮一村,864全明户型+双南两房+精装拎包入住,中楼层 (共6层) | 1989年建 | 2室1厅 | 60.94平米 | 南,105,"17,231",1989,60.94,33,30.72308032,121.3534823,42290,3,,,,,,,,,,,
临潮一村,公积金首付20万可以买很好的864双南户型+近22号线,高楼层 (共6层) | 1990年建 | 2室1厅 | 61.27平米 | 南 北,85,"13,874",1990,61.27,32,30.72308032,121.3534823,42290,3,,,,,,,,,,,
临潮一村,近22号线+首付20万小三房+近城市沙滩+满五年税少,高楼层 (共6层) | 1990年建 | 3室2厅 | 65.13平米 | 南,89.9,"13,804",1990,65.13,32,30.72308032,121.3534823,42290,3,,,,,,,,,,,
临潮一村,双房朝南拎包入住近城市沙滩环境优美宜居,高楼层 (共6层) | 1989年建 | 2室1厅 | 54.08平米 | 南,75,"13,869",1989,54.08,33,30.72308032,121.3534823,42290,3,,,,,,,,,,,
临潮一村,半梯一户+双南两房+距离22号线近,低楼层 (共6层) | 1991年建 | 2室1厅 | 56.39平米 | 南 北,105,"18,621",1991,56.39,31,30.72308032,121.3534823,42290,3,,,,,,,,,,,
临潮三村,双南户型+22号线直达上海南站+滨海城市沙滩,高楼层 (共6层) | 1990年建 | 2室1厅 | 60.94平米 | 南,84,"13,785",1990,60.94,32,30.72179351,121.356776,42290,3,,,,,,,,,,,
临潮三村,双南户型+22号线直达上海南站+滨海城市沙滩,高楼层 (共6层) | 1990年建 | 2室1厅 | 60.94平米 | 南,84,"13,785",1990,60.94,32,30.72179351,121.356776,42290,3,,,,,,,,,,,
临潮三村,小区环境优美，近金山卫，近城市沙滩,高楼层 (共6层) | 1990年建 | 2室1厅 | 59.17平米 | 南,79,"13,352",1990,59.17,32,30.72179351,121.356776,42290,3,,,,,,,,,,,
临潮三村,双南户型+22号线直达上海南站+滨海城市沙滩,高楼层 (共6层) | 1994年建 | 2室2厅 | 61.54平米 | 南,88,"14,300",1994,61.54,28,30.72179351,121.356776,42290,3,,,,,,,,,,,
临潮二村,满五唯①＋金山卫旁＋864户型＋采光充足＋交通便利,高楼层 (共6层) 2室1厅 | 54.87平米 | 南,77,"14,034",,54.87,,30.72376819,121.3569211,42290,3,,,,,,,,,,,
临潮二村,上海第①站落H选金山+满五+金山22号线+靠海进双南房,中楼层 (共6层) 2室1厅 | 54.87平米 | 南,78,"14,216",,54.87,,30.72376819,121.3569211,42290,3,,,,,,,,,,,
临潮二村,近22号线＋公园旁＋满五＋中间位置,中楼层 (共6层) | 1997年建 | 3室1厅 | 64.22平米 | 南,88.9,"13,844",1997,64.22,25,30.72376819,121.3569211,42290,3,,,,,,,,,,,
临潮二村,"上海第1站,落选金山＋金山卫旁＋绿地公园＋大露台",高楼层 (共6层) | 1991年建 | 1室1厅 | 47.91平米 | 南,69,"14,403",1991,47.91,31,30.72376819,121.3569211,42290,3,,,,,,,,,,,
临潮二村,22号线直达上海南站+城市沙滩+满五年商品房小区,高楼层 (共6层) | 1990年建 | 2室1厅 | 54.9平米 | 南,74,"13,480",1990,54.9,32,30.72376819,121.3569211,42290,3,,,,,,,,,,,
书香门第,书香门第 3室2厅 南,中楼层 (共6层) | 2002年建 | 3室2厅 | 110.27平米 | 南,235,"21,312",2002,110.27,20,31.24382121,121.391724,42290,3,,,,,,,,,,,
卫康花苑,2012年的房子 户型香喷喷，价格甜蜜，等你抱回家,高楼层 (共6层) | 2012年建 | 2室2厅 | 92.01平米 | 南 北,126,"13,695",2012,92.01,10,30.74131136,121.3215334,42290,3,,,,,,,,,,,
卫康花苑,楼层好视野开阔，拎包入住大两房，出门菜场尽万达,高楼层 (共6层) | 2012年建 | 2室2厅 | 90.77平米 | 南,135,"14,873",2012,90.77,10,30.74131136,121.3215334,42290,3,,,,,,,,,,,
卫康花苑,楼层好视野开阔，拎包入住大两房，出门菜场尽万达,高楼层 (共6层) | 2012年建 | 2室2厅 | 90.77平米 | 南,135,"14,873",2012,90.77,10,30.74131136,121.3215334,42290,3,,,,,,,,,,,
卫康花苑,大三房带两卫，带储藏室，纯毛坯，2012年，户型很正,低楼层 (共6层) | 2012年建 | 3室2厅 | 124.63平米 | 南,165,"13,240",2012,124.63,10,30.74131136,121.3215334,42290,3,,,,,,,,,,,
卫康花苑,业主诚意出售 小区好房，商圈佳,高楼层 (共6层) | 2012年建 | 2室2厅 | 91.8平米 | 南,135,"14,706",2012,91.8,10,30.74131136,121.3215334,42290,3,,,,,,,,,,,
古城新苑,无增值税，近万达，户型方正，房龄新。,低楼层 (共16层) 2室2厅 | 92.47平米 | 南,170,"18,385",,92.47,,30.75731335,121.3296005,42290,3,,,,,,,,,,,
古城新苑,房子费用低， 房子毛坯好装修，景观视线， 位置佳,高楼层 (共18层) 2室2厅 | 92.78平米 | 南 北,185,"19,940",,92.78,,30.75731335,121.3296005,42290,3,,,,,,,,,,,
古城新苑,古城房龄新，次新房，户型好，近万达，毛坯房,低楼层 (共17层) 3室2厅 | 121平米 | 南 北,210,"17,356",,121,,30.75731335,121.3296005,42290,3,,,,,,,,,,,
合生财富海景公馆,满五带产权车位+蒙山近地铁22号线带电梯户型好+近百联,中楼层 (共23层) | 2013年建 | 3室2厅 | 124.71平米 | 南 北,337,"27,023",2013,124.71,9,30.73173399,121.3593525,42290,3,,,,,,,,,,,
合生财富海景公馆,1000米到金山卫站＋精装电梯房＋房龄新业主诚心出售,高楼层 (共23层) | 2013年建 | 4室2厅 | 162.05平米 | 南,430,"26,536",2013,162.05,9,30.73173399,121.3593525,42290,3,,,,,,,,,,,
合生财富海景公馆,蒙山＋近地铁22号线＋带电梯+户型好+近百联,中楼层 (共23层) | 2015年建 | 3室2厅 | 123平米 | 南,308,"25,041",2015,123,7,30.73173399,121.3593525,42290,3,,,,,,,,,,,
合生财富海景公馆,蒙山＋近小火车＋带电梯+户型好+近百联,低楼层 (共24层) | 2013年建 | 3室2厅 | 121.37平米 | 南 北,310,"25,542",2013,121.37,9,30.73173399,121.3593525,42290,3,,,,,,,,,,,
合生财富海景公馆,急急急售 近金山卫小火车近百联和万达 楼层好急售,高楼层 (共22层) | 2013年建 | 3室2厅 | 121.87平米 | 南,313,"25,684",2013,121.87,9,30.73173399,121.3593525,42290,3,,,,,,,,,,,
合生财富海景公馆,1000米到金山卫站+精装带电梯+15年次新房业主诚心出售,低楼层 (共23层) | 2015年建 | 3室2厅 | 124.72平米 | 南,290,"23,253",2015,124.72,7,30.73173399,121.3593525,42290,3,,,,,,,,,,,
合生财富海景公馆,急卖！22号线+百联商圈品质小区+税费各付,中楼层 (共22层) | 2013年建 | 2室2厅 | 98.98平米 | 南,250,"25,258",2013,98.98,9,30.73173399,121.3593525,42290,3,,,,,,,,,,,
合生财富海景公馆,房子一手买进，高区海景房，海景一览无遗,高楼层 (共23层) | 2013年建 | 2室2厅 | 101.28平米 | 南,265,"26,166",2013,101.28,9,30.73173399,121.3593525,42290,3,,,,,,,,,,,
合生财富海景公馆,蒙山＋近小火车＋带电梯+户型好+近百联,中楼层 (共24层) | 2015年建 | 4室2厅 | 159.45平米 | 南,420,"26,341",2015,159.45,7,30.73173399,121.3593525,42290,3,,,,,,,,,,,
合生财富海景公馆,22号线旁 海景房 无遮挡 安静,高楼层 (共25层) | 2015年建 | 2室1厅 | 81平米 | 南,210,"25,926",2015,81,7,30.73173399,121.3593525,42290,3,,,,,,,,,,,
合生财富海景公馆,蒙山＋近小火车＋带电梯+户型好+近百联,高楼层 (共24层) | 2015年建 | 4室2厅 | 160平米 | 南,430,"26,875",2015,160,7,30.73173399,121.3593525,42290,3,,,,,,,,,,,
合生财富海景公馆,近地铁22号线＋带电梯+户型好+近百联,低楼层 (共22层) | 2013年建 | 3室2厅 | 121.87平米 | 南,328,"26,914",2013,121.87,9,30.73173399,121.3593525,42290,3,,,,,,,,,,,
合生财富海景公馆,合生财富海景公馆 3室2厅 南 北,高楼层 (共23层) | 2013年建 | 3室2厅 | 125平米 | 南 北,325,"26,000",2013,125,9,30.73173399,121.3593525,42290,3,,,,,,,,,,,
君逸公馆,中高楼层，视野无遮挡，采光通风效果好,高楼层 (共18层) | 2014年建 | 2室1厅 | 93.1平米 | 南,190,"20,409",2014,93.1,8,30.75032464,121.3375599,42290,3,,,,,,,,,,,
君逸公馆,配套全，满五年，交通便利，飞机户型,低楼层 (共18层) | 2014年建 | 3室2厅 | 136.79平米 | 南,320,"23,394",2014,136.79,8,30.75032464,121.3375599,42290,3,,,,,,,,,,,
君逸公馆,金山新城区，次新房，带产权车位，满五年，精装修，,高楼层 (共18层) | 2014年建 | 2室2厅 | 96.13平米 | 南,225,"23,406",2014,96.13,8,30.75032464,121.3375599,42290,3,,,,,,,,,,,
君逸公馆,金山新城区，次新房小区，满五少税,高楼层 (共18层) | 2014年建 | 3室1厅 | 123.19平米 | 南,278,"22,567",2014,123.19,8,30.75032464,121.3375599,42290,3,,,,,,,,,,,
宝华海湾城,精装修，全朝南户型，带产权车位，采光好，小火车,低楼层 (共13层) | 2010年建 | 2室2厅 | 89平米 | 南,225,"25,281",2010,89,12,30.83264687,121.561072,42290,3,,,,,,,,,,,
宝华海湾城,22号线金山小火车+城市沙滩+海滨度假区,低楼层 (共14层) | 2010年建 | 4室2厅 | 136.92平米 | 南 北,355,"25,928",2010,136.92,12,30.83264687,121.561072,42290,3,,,,,,,,,,,
宝华海湾城,森林氧吧 元气好房 房东急售 价格好谈,低楼层 (共13层) | 2010年建 | 2室2厅 | 87.82平米 | 南,210,"23,913",2010,87.82,12,30.83264687,121.561072,42290,3,,,,,,,,,,,
宝华海湾城,品质高，改善养老，金山百联，小火车,低楼层 (共13层) | 2010年建 | 4室3厅 | 134.97平米 | 南,243,"18,005",2010,134.97,12,30.83264687,121.561072,42290,3,,,,,,,,,,,
宝华海湾城,宝华海湾城 2室2厅 北 南,低楼层 (共18层) | 2010年建 | 2室2厅 | 87.38平米 | 北 南,225,"25,750",2010,87.38,12,30.83264687,121.561072,42290,3,,,,,,,,,,,
宝华海湾城,宝华海湾城 2室1厅 南,高楼层 (共15层) | 2010年建 | 2室1厅 | 87.63平米 | 南,225,"25,677",2010,87.63,12,30.83264687,121.561072,42290,3,,,,,,,,,,,
宝华海湾城,精装修，南北双阳台，采光好，视野开阔，地处百联,高楼层 (共18层) | 2010年建 | 3室2厅 | 88.76平米 | 南,238,"26,814",2010,88.76,12,30.83264687,121.561072,42290,3,,,,,,,,,,,
宝华海湾城,边套，3房，全明敞亮，大飘窗，楼层好，百联，小火车,中楼层 (共14层) | 2010年建 | 3室2厅 | 88.57平米 | 南,230,"25,969",2010,88.57,12,30.83264687,121.561072,42290,3,,,,,,,,,,,
宝华海湾城,金山卫站旁高品质小区，户型好，总价低,低楼层 (共14层) | 2010年建 | 3室2厅 | 88.57平米 | 南,215,"24,275",2010,88.57,12,30.83264687,121.561072,42290,3,,,,,,,,,,,
宝华海湾城,视野开阔，位置安静，采光好，小火车，百联，带车位,高楼层 (共14层) | 2010年建 | 2室2厅 | 85.61平米 | 南,225,"26,282",2010,85.61,12,30.83264687,121.561072,42290,3,,,,,,,,,,,
宝华海湾城,森林氧吧 元气好房 高层非顶楼 视野采光好,高楼层 (共15层) | 2010年建 | 2室2厅 | 87.63平米 | 南,225,"25,677",2010,87.63,12,30.83264687,121.561072,42290,3,,,,,,,,,,,
宝华海湾城,宝华海湾城 2室2厅 南,高楼层 (共14层) | 2010年建 | 2室2厅 | 87.91平米 | 南,218,"24,799",2010,87.91,12,30.83264687,121.561072,42290,3,,,,,,,,,,,
宝华海湾城,边套，全明敞亮三房，视野开阔，金山百联，小火车,中楼层 (共12层) | 2010年建 | 3室2厅 | 88.85平米 | 南,230,"25,887",2010,88.85,12,30.83264687,121.561072,42290,3,,,,,,,,,,,
宝华海湾城,小火车+金山百联+天然氧吧大森林,中楼层 (共13层) | 2010年建 | 2室2厅 | 85.39平米 | 南,230,"26,936",2010,85.39,12,30.83264687,121.561072,42290,3,,,,,,,,,,,
山康花苑,低总价+近万达+毛坯便于设计+刚需必看,高楼层 (共6层) | 2013年建 | 1室2厅 | 62.53平米 | 南,95,"15,193",2013,62.53,9,30.74501265,121.3170019,42290,3,,,,,,,,,,,
山康花苑,万达商圈，配套齐全，飞机户型，三开间朝南，老小宜居,低楼层 (共6层) | 2013年建 | 3室2厅 | 123.34平米 | 南,169,"13,702",2013,123.34,9,30.74501265,121.3170019,42290,3,,,,,,,,,,,
山康花苑,万达旁，总价低，小区新，楼层好，毛坯房带储藏室,中楼层 (共5层) | 2013年建 | 1室1厅 | 62.59平米 | 南,95,"15,179",2013,62.59,9,30.74501265,121.3170019,42290,3,,,,,,,,,,,
山康花苑,万达旁，总价低，小区新，楼层好，毛坯房带储藏室,中楼层 (共5层) | 2013年建 | 1室1厅 | 62.59平米 | 南,95,"15,179",2013,62.59,9,30.74501265,121.3170019,42290,3,,,,,,,,,,,
山康花苑,13年房子上海必买小区满五近万达金山22号线，交通便利,中楼层 (共6层) | 2013年建 | 2室2厅 | 92.62平米 | 南,130,"14,036",2013,92.62,9,30.74501265,121.3170019,42290,3,,,,,,,,,,,
山康花苑,大面积3房毛坯房，附带储藏间。,高楼层 (共6层) | 2013年建 | 3室2厅 | 123.34平米 | 南 北,175,"14,189",2013,123.34,9,30.74501265,121.3170019,42290,3,,,,,,,,,,,
山鑫公寓,上海第Ⅰ站 落沪选金山 百联旁+上海南站,高楼层 (共6层) | 1996年建 | 3室2厅 | 114平米 | 南,183,"16,053",1996,114,26,30.73356357,121.3461028,42290,3,,,,,,,,,,,
山鑫公寓,满五年+大3房+视野开阔+配套齐全,高楼层 (共6层) | 1998年建 | 3室2厅 | 132.44平米 | 南,197,"14,875",1998,132.44,24,30.73356357,121.3461028,42290,3,,,,,,,,,,,
山鑫公寓,上海第Ⅰ站 落沪选金山 品质好房 户型方正 采光充足,高楼层 (共6层) | 1997年建 | 2室2厅 | 81.32平米 | 南,143,"17,585",1997,81.32,25,30.73356357,121.3461028,42290,3,,,,,,,,,,,
山鑫公寓,*，百联旁，山鑫品质，户型方正,高楼层 (共6层) | 1998年建 | 2室2厅 | 84.53平米 | 南,145,"17,154",1998,84.53,24,30.73356357,121.3461028,42290,3,,,,,,,,,,,
山鑫公寓,山鑫公寓 3室2厅 南,高楼层 (共6层) | 1998年建 | 3室2厅 | 117平米 | 南,167,"14,274",1998,117,24,30.73356357,121.3461028,42290,3,,,,,,,,,,,
山鑫公寓,上海diyi站，落hu选金山。业主诚意出售+随时可看,高楼层 (共6层) | 1996年建 | 3室1厅 | 114平米 | 南 北,195,"17,106",1996,114,26,30.73356357,121.3461028,42290,3,,,,,,,,,,,
山鑫公寓,山鑫公寓 3室2厅 南,低楼层 (共6层) | 1997年建 | 3室2厅 | 131平米 | 南,212,"16,184",1997,131,25,30.73356357,121.3461028,42290,3,,,,,,,,,,,
山鑫公寓,山鑫公寓 2室1厅 南 北,高楼层 (共6层) | 1997年建 | 2室1厅 | 85.12平米 | 南 北,138,"16,213",1997,85.12,25,30.73356357,121.3461028,42290,3,,,,,,,,,,,
山鑫公寓,山鑫公寓 3室2厅 南,高楼层 (共6层) | 1997年建 | 3室2厅 | 96平米 | 南,166,"17,292",1997,96,25,30.73356357,121.3461028,42290,3,,,,,,,,,,,
山鑫康城,金山铁路旁，百联商圈，满五大三房，中间楼层,中楼层 (共6层) | 2005年建 | 3室2厅 | 106.83平米 | 南,210,"19,658",2005,106.83,17,30.73615524,121.3677034,42290,3,,,,,,,,,,,
山鑫康城,金山铁路32MIN到上海南站，满五，南北通,高楼层 (共6层) | 2005年建 | 2室2厅 | 88.66平米 | 南 北,165,"18,611",2005,88.66,17,30.73615524,121.3677034,42290,3,,,,,,,,,,,
山鑫康城,300米到22号线金山卫站直达上海南站+城市沙滩海洋公园,低楼层 (共6层) | 2005年建 | 2室2厅 | 88.66平米 | 南,172,"19,400",2005,88.66,17,30.73615524,121.3677034,42290,3,,,,,,,,,,,
山鑫康城,300米到22号线金山卫站直达上海南站+城市沙滩海洋公园,高楼层 (共6层) | 2005年建 | 2室2厅 | 88.43平米 | 南,160,"18,094",2005,88.43,17,30.73615524,121.3677034,42290,3,,,,,,,,,,,
山鑫康城,金山卫22号线旁+标准户型整齐+精装修,低楼层 (共6层) | 2005年建 | 3室2厅 | 117.4平米 | 南,219,"18,655",2005,117.4,17,30.73615524,121.3677034,42290,3,,,,,,,,,,,
山鑫康城,22号线金山卫站，城市沙滩+可以直达上海南站+ 有阁楼,高楼层 (共6层) | 2005年建 | 3室2厅 | 117.4平米 | 南 北,205,"17,462",2005,117.4,17,30.73615524,121.3677034,42290,3,,,,,,,,,,,
山鑫康城,22号线铁路+海景电梯复式房+满五,高楼层 (共12层) | 2007年建 | 4室2厅 | 228.44平米 | 南,440,"19,262",2007,228.44,15,30.73615524,121.3677034,42290,3,,,,,,,,,,,
山鑫康城,22号线直达上海南站+百联万达+中间位置中间楼层不靠路,中楼层 (共5层) | 2007年建 | 3室2厅 | 120.47平米 | 南 北,235,"19,507",2007,120.47,15,30.73615524,121.3677034,42290,3,,,,,,,,,,,
山鑫康城,复式楼+南北户型+价格优惠+诚心出售,高楼层 (共6层) | 2005年建 | 2室2厅 | 90.3平米 | 南,170,"18,827",2005,90.3,17,30.73615524,121.3677034,42290,3,,,,,,,,,,,
山鑫康城,22号线直达上海南站+百联商圈+户型好装修好,低楼层 (共12层) | 2005年建 | 3室2厅 | 129.47平米 | 南,238,"18,383",2005,129.47,17,30.73615524,121.3677034,42290,3,,,,,,,,,,,
山鑫康城,税费少单价低+近地铁+拎包入住+楼层采光佳,高楼层 (共6层) | 2005年建 | 3室2厅 | 117.4平米 | 南,218,"18,569",2005,117.4,17,30.73615524,121.3677034,42290,3,,,,,,,,,,,
山鑫康城,山鑫康城 3室2厅 南,高楼层 (共6层) | 2005年建 | 3室2厅 | 120.4平米 | 南,220,"18,273",2005,120.4,17,30.73615524,121.3677034,42290,3,,,,,,,,,,,
山鑫康城,与22号线一路之隔+动静分离户型+大三房,低楼层 (共12层) | 2007年建 | 3室2厅 | 134.35平米 | 南 北,239,"17,790",2007,134.35,15,30.73615524,121.3677034,42290,3,,,,,,,,,,,
山鑫康城,100米到22号线金山卫站直达上海南站+城市沙滩海洋公园,高楼层 (共6层) | 2007年建 | 2室2厅 | 88.45平米 | 南,171,"19,333",2007,88.45,15,30.73615524,121.3677034,42290,3,,,,,,,,,,,
山鑫康城,毛坯房+价格低+南北户型+交通便利,低楼层 (共6层) | 2005年建 | 2室2厅 | 90.3平米 | 南,160,"17,719",2005,90.3,17,30.73615524,121.3677034,42290,3,,,,,,,,,,,
山鑫联城花苑,小户型，精装修，百联商厦，拎包即可入住，诚意出售,高楼层 (共6层) | 2004年建 | 2室1厅 | 61.33平米 | 南,119,"19,404",2004,61.33,18,30.7421463,121.362929,42290,3,,,,,,,,,,,
山鑫联城花苑,小火车+城市沙滩+低单价+大面积,高楼层 (共6层) | 2004年建 | 3室2厅 | 135.68平米 | 南,185,"13,636",2004,135.68,18,30.7421463,121.362929,42290,3,,,,,,,,,,,
山鑫联城花苑,山鑫联城花苑 2室2厅 南,中楼层 (共6层) | 2005年建 | 2室2厅 | 87.22平米 | 南,160,"18,345",2005,87.22,17,30.7421463,121.362929,42290,3,,,,,,,,,,,
山鑫联城花苑,22号线+百联+城市沙滩+位置安静+储物间,高楼层 (共6层) | 2004年建 | 2室2厅 | 103.45平米 | 南,155,"14,984",2004,103.45,18,30.7421463,121.362929,42290,3,,,,,,,,,,,
山鑫联城花苑,小火车，百联，三房带储物间，城市沙滩,低楼层 (共6层) | 2004年建 | 3室1厅 | 103.81平米 | 南,168,"16,184",2004,103.81,18,30.7421463,121.362929,42290,3,,,,,,,,,,,
山鑫联城花苑,800米到金山卫直达上海南站+百联万达商圈+滨海度假区,高楼层 (共6层) | 2004年建 | 3室1厅 | 103.38平米 | 南,162,"15,671",2004,103.38,18,30.7421463,121.362929,42290,3,,,,,,,,,,,
山鑫联城花苑,直达上海南站+万达百联+小区中间，位置安静，随时看房,低楼层 (共6层) | 2004年建 | 2室2厅 | 61.33平米 | 南,118,"19,241",2004,61.33,18,30.7421463,121.362929,42290,3,,,,,,,,,,,
山鑫联城花苑,山鑫联城 金山卫 百联 万达 交通方便,高楼层 (共6层) | 2004年建 | 3室1厅 | 103.3平米 | 南 北,162,"15,683",2004,103.3,18,30.7421463,121.362929,42290,3,,,,,,,,,,,
山鑫联城花苑,金山铁路直达上海南站，大面积低总价,高楼层 (共6层) | 2004年建 | 4室2厅 | 148.03平米 | 东南,235,"15,876",2004,148.03,18,30.7421463,121.362929,42290,3,,,,,,,,,,,
山鑫联城花苑,22号线，城市沙滩 百联商圈 生活便利 出行方便,高楼层 (共6层) | 2005年建 | 2室1厅 | 87平米 | 南,155,"17,817",2005,87,17,30.7421463,121.362929,42290,3,,,,,,,,,,,
山鑫联城花苑,带天井+单价低+四房带车位+*,低楼层 (共6层) | 2004年建 | 4室2厅 | 145.83平米 | 南,195,"13,372",2004,145.83,18,30.7421463,121.362929,42290,3,,,,,,,,,,,
山鑫联城花苑,满五年，户型好，距离小火车站近，交通便利,中楼层 (共6层) | 2004年建 | 3室1厅 | 103.38平米 | 南,180,"17,412",2004,103.38,18,30.7421463,121.362929,42290,3,,,,,,,,,,,
山鑫联城花苑,山鑫联城花苑 2室2厅 南,中楼层 (共6层) | 2005年建 | 2室2厅 | 87.22平米 | 南,160,"18,345",2005,87.22,17,30.7421463,121.362929,42290,3,,,,,,,,,,,
山鑫联城花苑,有地车库+中间楼层+南北通透+拎包入住,中楼层 (共6层) | 2005年建 | 3室2厅 | 121.36平米 | 南 北,220,"18,128",2005,121.36,17,30.7421463,121.362929,42290,3,,,,,,,,,,,
山鑫阳光城,阳光城温馨两房+满五+全明采光好,高楼层 (共6层) | 1999年建 | 2室2厅 | 85.9平米 | 南,214,"24,913",1999,85.9,23,30.73371086,121.3535348,42290,3,,,,,,,,,,,
山鑫阳光城,近金山卫22号轨交+诚意出售+满五年,中楼层 (共6层) | 2001年建 | 2室2厅 | 89.22平米 | 南 北,235,"26,340",2001,89.22,21,30.73371086,121.3535348,42290,3,,,,,,,,,,,
山鑫阳光城,22号线+实+蒙+急售！！！急售！！！急售！！！,高楼层 (共6层) | 2001年建 | 2室2厅 | 82.9平米 | 南,199,"24,005",2001,82.9,21,30.73371086,121.3535348,42290,3,,,,,,,,,,,
山鑫阳光城,近金山卫22号轨交+带个阁楼+诚意出售+满五年,高楼层 (共6层) | 2001年建 | 2室2厅 | 89.34平米 | 南,226,"25,297",2001,89.34,21,30.73371086,121.3535348,42290,3,,,,,,,,,,,
山鑫阳光城,上海第1站 金山+满五年+南北通大两房+视野开阔,高楼层 (共6层) | 1999年建 | 2室2厅 | 89.25平米 | 南,223,"24,986",1999,89.25,23,30.73371086,121.3535348,42290,3,,,,,,,,,,,
山鑫阳光城,小火车22号线+满五年+近百联+视野好,高楼层 (共6层) | 1999年建 | 2室2厅 | 86.61平米 | 南,216,"24,940",1999,86.61,23,30.73371086,121.3535348,42290,3,,,,,,,,,,,
山鑫阳光城,近金山卫22号轨交+诚意出售+满五年,高楼层 (共6层) | 2001年建 | 2室1厅 | 81.9平米 | 南,210,"25,642",2001,81.9,21,30.73371086,121.3535348,42290,3,,,,,,,,,,,
山鑫阳光城,近金山卫22号轨交+诚意出售+满五年,中楼层 (共6层) | 2001年建 | 2室2厅 | 89.22平米 | 南 北,235,"26,340",2001,89.22,21,30.73371086,121.3535348,42290,3,,,,,,,,,,,
山鑫阳光城,山鑫阳光城 3室2厅 南,低楼层 (共6层) | 1999年建 | 3室2厅 | 117.61平米 | 南,295,"25,083",1999,117.61,23,30.73371086,121.3535348,42290,3,,,,,,,,,,,
山鑫阳光城,阳光城南北通三房+满五年+诚意,高楼层 (共6层) | 2002年建 | 3室2厅 | 116.43平米 | 南,285,"24,479",2002,116.43,20,30.73371086,121.3535348,42290,3,,,,,,,,,,,
山鑫阳光城,小火车22号线+满五年+近百联+视野好,高楼层 (共6层) | 1999年建 | 2室2厅 | 86.61平米 | 南,216,"24,940",1999,86.61,23,30.73371086,121.3535348,42290,3,,,,,,,,,,,
山鑫阳光城,此房满五年，南北2房，配套成熟,高楼层 (共6层) | 2002年建 | 2室2厅 | 89.13平米 | 南,222,"24,908",2002,89.13,20,30.73371086,121.3535348,42290,3,,,,,,,,,,,
山鑫阳光城,阳光城大三房+满五+保养好配套齐全,中楼层 (共6层) | 1999年建 | 3室2厅 | 138.99平米 | 南,330,"23,743",1999,138.99,23,30.73371086,121.3535348,42290,3,,,,,,,,,,,
山鑫阳光城,百联商圈，南北通大两房，满五年税费少,中楼层 (共5层) | 2001年建 | 2室1厅 | 85.96平米 | 南 北,220,"25,594",2001,85.96,21,30.73371086,121.3535348,42290,3,,,,,,,,,,,
山鑫阳光城,近金山卫22号轨交+诚意出售+满五年,高楼层 (共6层) | 2001年建 | 2室1厅 | 81.9平米 | 南,210,"25,642",2001,81.9,21,30.73371086,121.3535348,42290,3,,,,,,,,,,,
山鑫阳光城,阳光城南北通两房+满五+保养好,中楼层 (共6层) | 2000年建 | 2室1厅 | 85.49平米 | 南 北,225,"26,319",2000,85.49,22,30.73371086,121.3535348,42290,3,,,,,,,,,,,
山鑫阳光城,精装修+大三房+动静分离+视野辽阔+花园旁+近佰联,高楼层 (共6层) | 2001年建 | 3室2厅 | 125.62平米 | 南,265,"21,096",2001,125.62,21,30.73371086,121.3535348,42290,3,,,,,,,,,,,
山鑫阳光城,近金山卫22号轨交+带个阁楼+诚意出售+满五年,高楼层 (共6层) | 2001年建 | 2室2厅 | 89.34平米 | 南,226,"25,297",2001,89.34,21,30.73371086,121.3535348,42290,3,,,,,,,,,,,
山鑫阳光城,与百联一路之隔+动静分离户型+大三房,中楼层 (共5层) | 2001年建 | 3室2厅 | 115.08平米 | 南 北,295,"25,635",2001,115.08,21,30.73371086,121.3535348,42290,3,,,,,,,,,,,
山鑫阳光城,满五年+采光好+位置佳+自住装修,高楼层 (共6层) | 2000年建 | 3室2厅 | 108.95平米 | 南,273,"25,058",2000,108.95,22,30.73371086,121.3535348,42290,3,,,,,,,,,,,
山鑫阳光城,满五年+视野好+保养好拎包入住+配套成熟,高楼层 (共6层) | 2002年建 | 3室2厅 | 116.43平米 | 南,269,"23,105",2002,116.43,20,30.73371086,121.3535348,42290,3,,,,,,,,,,,
山鑫阳光城,满五年+采光好+楼层好+百联+地铁22号线,中楼层 (共6层) | 2001年建 | 2室2厅 | 82.39平米 | 南,218,"26,460",2001,82.39,21,30.73371086,121.3535348,42290,3,,,,,,,,,,,
山鑫阳光城,22号线+实+蒙+急售！！！急售！！！急售！！！,高楼层 (共6层) | 2001年建 | 2室2厅 | 82.9平米 | 南,199,"24,005",2001,82.9,21,30.73371086,121.3535348,42290,3,,,,,,,,,,,
山龙新村,山龙新村，健身楼层，采光好，宜居,高楼层 (共6层) 2室2厅 | 82.85平米 | 南,140,"16,899",,82.85,,30.73552908,121.3462074,42290,3,,,,,,,,,,,
山龙新村,近百联+配套齐全+视野开阔+采光充足,高楼层 (共6层) 2室2厅 | 100.17平米 | 南,158,"15,774",,100.17,,30.73552908,121.3462074,42290,3,,,,,,,,,,,
山龙新村,22号线金山卫站直达上海南站，中间楼层，采光好。,中楼层 (共6层) 2室1厅 | 67.71平米 | 南,135,"19,938",,67.71,,30.73552908,121.3462074,42290,3,,,,,,,,,,,
山龙新村,22号线金山卫站直达上海南站，采光好。,高楼层 (共6层) 2室1厅 | 68平米 | 南,126.5,"18,603",,68,,30.73552908,121.3462074,42290,3,,,,,,,,,,,
山龙新村,22号线金山卫站直达上海南站，中间楼层，装修好。,中楼层 (共6层) 2室1厅 | 67.78平米 | 南,130,"19,180",,67.78,,30.73552908,121.3462074,42290,3,,,,,,,,,,,
山龙新村,此房满五，配套成熟，业主诚心卖,高楼层 (共6层) 3室1厅 | 86.38平米 | 南 北,142,"16,439",,86.38,,30.73552908,121.3462074,42290,3,,,,,,,,,,,
山龙新村,此房满五，配套齐全，业主诚心出售,中楼层 (共6层) 2室1厅 | 63.63平米 | 南,125,"19,645",,63.63,,30.73552908,121.3462074,42290,3,,,,,,,,,,,
山龙新村,满五年+ 户型方正+ 金山好选择,高楼层 (共6层) | 1995年建 | 2室1厅 | 67.73平米 | 南,118.5,"17,496",1995,67.73,27,30.73552908,121.3462074,42290,3,,,,,,,,,,,
山龙新村,房子满五年 双南房 全明户型 金山好选择,高楼层 (共6层) | 2000年建 | 2室1厅 | 67.73平米 | 南 北,117.5,"17,349",2000,67.73,22,30.73552908,121.3462074,42290,3,,,,,,,,,,,
山龙新村,此房满五，配套齐全，业主诚心出售,中楼层 (共6层) 2室1厅 | 63.63平米 | 南,125,"19,645",,63.63,,30.73552908,121.3462074,42290,3,,,,,,,,,,,
山龙新村,22号线金山卫站直达上海南站，采光好。,中楼层 (共6层) 2室1厅 | 67.73平米 | 南,129.5,"19,121",,67.73,,30.73552908,121.3462074,42290,3,,,,,,,,,,,
山龙新村,上海地1站，落沪选金山，总价低，全明户型。,高楼层 (共6层) | 1998年建 | 2室1厅 | 80.56平米 | 南,145,"18,000",1998,80.56,24,30.73552908,121.3462074,42290,3,,,,,,,,,,,
山龙新村,总价低，拎包入住，简装，全明户型。,高楼层 (共6层) 2室1厅 | 80.56平米 | 南,146,"18,124",,80.56,,30.73552908,121.3462074,42290,3,,,,,,,,,,,
山龙新村,22号线金山卫站，直达上海南站,高楼层 (共6层) 3室2厅 | 98.4平米 | 南,157,"15,956",,98.4,,30.73552908,121.3462074,42290,3,,,,,,,,,,,
山龙新村,急售！22号线，双南户型，清新装修，看房随时,高楼层 (共6层) | 1996年建 | 2室2厅 | 92.74平米 | 南,142,"15,312",1996,92.74,26,30.73552908,121.3462074,42290,3,,,,,,,,,,,
山龙新村,户型方正 房东诚心 交通便利 大客厅且明亮 装修很好,高楼层 (共6层) 3室1厅 | 98.4平米 | 南 北,175,"17,785",,98.4,,30.73552908,121.3462074,42290,3,,,,,,,,,,,
山龙新村,22号线金山卫站，直达上海南站,高楼层 (共6层) 3室2厅 | 98.4平米 | 南,157,"15,956",,98.4,,30.73552908,121.3462074,42290,3,,,,,,,,,,,
山龙新村,此房满五 双南房 采光充足 配套设施齐全,高楼层 (共6层) | 2001年建 | 2室2厅 | 84.05平米 | 南,134,"15,943",2001,84.05,21,30.73552908,121.3462074,42290,3,,,,,,,,,,,
山龙新村,房屋满五年 附带储藏室 南北通且明亮,高楼层 (共6层) 2室1厅 | 84.05平米 | 南,160,"19,037",,84.05,,30.73552908,121.3462074,42290,3,,,,,,,,,,,
山龙新村,房屋满五年 附带大阳台 优质楼层 南北通且明亮,中楼层 (共6层) | 1998年建 | 2室1厅 | 100平米 | 南 北,177,"17,700",1998,100,24,30.73552908,121.3462074,42290,3,,,,,,,,,,,
山龙新村,三房南北全明户型 满五年 金山好选择,高楼层 (共6层) 3室1厅 | 92.49平米 | 南,149,"16,110",,92.49,,30.73552908,121.3462074,42290,3,,,,,,,,,,,
山龙新村,急售！满五年+户型方正+交通便利,高楼层 (共6层) 2室1厅 | 88.83平米 | 南,137,"15,423",,88.83,,30.73552908,121.3462074,42290,3,,,,,,,,,,,
山龙新村,22号线金山卫直达上海南站 南北三房,高楼层 (共6层) 3室1厅 | 83.24平米 | 南,138,"16,579",,83.24,,30.73552908,121.3462074,42290,3,,,,,,,,,,,
山龙新村,南北三房全明户型，双阳台，明亮选择,高楼层 (共6层) 3室1厅 | 91.81平米 | 南,152,"16,556",,91.81,,30.73552908,121.3462074,42290,3,,,,,,,,,,,
御景龙庭,精装电梯房+视野开阔+满五税少,中楼层 (共18层) | 2011年建 | 2室2厅 | 89.61平米 | 南,176,"19,641",2011,89.61,11,30.73828784,121.330681,42290,3,,,,,,,,,,,
御景龙庭,满五税费少，电梯楼层佳，可拎包入住,低楼层 (共25层) | 2011年建 | 2室2厅 | 88.94平米 | 南 北,165,"18,552",2011,88.94,11,30.73828784,121.330681,42290,3,,,,,,,,,,,
御景龙庭,近万达满五带大阁楼，房龄新，门口公交方便,高楼层 (共6层) | 2009年建 | 3室2厅 | 121.56平米 | 南,190,"15,631",2009,121.56,13,30.73828784,121.330681,42290,3,,,,,,,,,,,
御景龙庭,品质小区+电梯商品精装一房改两房+近万达,低楼层 (共18层) 2室1厅 | 61.42平米 | 南,121,"19,701",,61.42,,30.73828784,121.330681,42290,3,,,,,,,,,,,
御景龙庭,高品质小区商品房，装修保养好，看房随时,中楼层 (共25层) | 2011年建 | 2室2厅 | 88.94平米 | 南,163,"18,327",2011,88.94,11,30.73828784,121.330681,42290,3,,,,,,,,,,,
御景龙庭,电梯好楼层，毛坯好装修，2013年品质小区,低楼层 (共25层) | 2013年建 | 1室1厅 | 61.44平米 | 南 北,121,"19,695",2013,61.44,9,30.73828784,121.330681,42290,3,,,,,,,,,,,
御景龙庭,精装电梯商品房+产权车位+满五税少,高楼层 (共25层) | 2013年建 | 2室2厅 | 92.61平米 | 南 北,180,"19,437",2013,92.61,9,30.73828784,121.330681,42290,3,,,,,,,,,,,
御景龙庭,商品房小区，近万达，邻22号线，配套完善！！,低楼层 (共25层) 2室2厅 | 92.57平米 | 南 北,180,"19,445",,92.57,,30.73828784,121.330681,42290,3,,,,,,,,,,,
御景龙庭,抬头仰望星空，居住环境宜人，精心装修可拎包住,高楼层 (共25层) 2室2厅 | 92.58平米 | 南,183.3,"19,800",,92.58,,30.73828784,121.330681,42290,3,,,,,,,,,,,
御景龙庭,2013年次新房，满五，麦德龙旁，人车分流，看房有钥匙,低楼层 (共18层) | 2013年建 | 2室2厅 | 89.4平米 | 南,155,"17,338",2013,89.4,9,30.73828784,121.330681,42290,3,,,,,,,,,,,
御景龙庭,房子满五年，大三房，全明户型，视野采光好,高楼层 (共6层) | 2009年建 | 3室2厅 | 121.56平米 | 南,175,"14,397",2009,121.56,13,30.73828784,121.330681,42290,3,,,,,,,,,,,
御景龙庭,满五啦，电梯中层，你确定不来看一下,中楼层 (共25层) | 2011年建 | 2室2厅 | 91.55平米 | 南 北,175,"19,116",2011,91.55,11,30.73828784,121.330681,42290,3,,,,,,,,,,,
御景龙庭,边套，一房南，一房北户型，视野开阔，采光好,低楼层 (共25层) 2室1厅 | 92.57平米 | 南,178,"19,229",,92.57,,30.73828784,121.330681,42290,3,,,,,,,,,,,
御景龙庭,满五 电梯房 品质小区 两房户型,高楼层 (共25层) | 2011年建 | 2室2厅 | 91.55平米 | 南,178,"19,443",2011,91.55,11,30.73828784,121.330681,42290,3,,,,,,,,,,,
新城旭辉府,新城旭辉府，房龄新，南北通，中低楼层小洋房,低楼层 (共7层) | 2015年建 | 3室2厅 | 88平米 | 南,225,"25,569",2015,88,7,31.2793002,121.5155384,42290,3,,,,,,,,,,,
新城旭辉府,新城旭辉府大三房，房龄新，南北通，满五年，,低楼层 (共18层) 3室2厅 | 112.5平米 | 南,256,"22,756",,112.5,,31.2793002,121.5155384,42290,3,,,,,,,,,,,
新城旭辉府,新城旭辉府，次新房精装修，物业好，近万达，拎包入住,高楼层 (共18层) 2室1厅 | 77平米 | 南,205,"26,624",,77,,31.2793002,121.5155384,42290,3,,,,,,,,,,,
新城旭辉府,好房！诚意出售可以直接拎包入住！,低楼层 (共8层) | 2015年建 | 3室2厅 | 88.31平米 | 南,235,"26,611",2015,88.31,7,31.2793002,121.5155384,42290,3,,,,,,,,,,,
新城旭辉府,新上带花园精装修好房！诚意出售看房方便~,低楼层 (共8层) | 2015年建 | 3室2厅 | 89.7平米 | 南,220,"24,527",2015,89.7,7,31.2793002,121.5155384,42290,3,,,,,,,,,,,
新城旭辉府,新城旭辉府 3室1厅 南 北,低楼层 (共7层) | 2015年建 | 3室1厅 | 88平米 | 南 北,210,"23,864",2015,88,7,31.2793002,121.5155384,42290,3,,,,,,,,,,,
新城旭辉府,金山新城区+2015年次新房品质小区+精装修拎包入住,低楼层 (共11层) 3室2厅 | 88.48平米 | 南 北,218,"24,639",,88.48,,31.2793002,121.5155384,42290,3,,,,,,,,,,,
新城旭辉府,新城旭辉府，精装修大三房，带车位，新小区，好物业,低楼层 (共18层) 3室2厅 | 104平米 | 南,273,"26,250",,104,,31.2793002,121.5155384,42290,3,,,,,,,,,,,
新城旭辉府,2015小区，房子装修才两年，又降一次价格，随时看房,低楼层 (共8层) | 2015年建 | 3室2厅 | 89平米 | 南 北,230,"25,843",2015,89,7,31.2793002,121.5155384,42290,3,,,,,,,,,,,
新城旭辉府,房源有车位！业主诚意出售，预约即可安排看房！,低楼层 (共11层) | 2015年建 | 3室1厅 | 88.62平米 | 南,208,"23,471",2015,88.62,7,31.2793002,121.5155384,42290,3,,,,,,,,,,,
新城旭辉府,金山新城区，品质小区，电梯洋房，精装修，物业好,低楼层 (共7层) | 2015年建 | 3室2厅 | 88.26平米 | 南,215,"24,360",2015,88.26,7,31.2793002,121.5155384,42290,3,,,,,,,,,,,
新城旭辉府,小两房，房龄新，带车位，中高楼层次新房，无遮挡,中楼层 (共18层) 2室2厅 | 77.68平米 | 南,210,"27,034",,77.68,,31.2793002,121.5155384,42290,3,,,,,,,,,,,
新城旭辉府,金山 万达广场 紧凑三房户型正气电梯洋房带产权车位,低楼层 (共7层) 3室2厅 | 88.9平米 | 南,240,"26,997",,88.9,,31.2793002,121.5155384,42290,3,,,,,,,,,,,
新城旭辉府,15年品质小区，房东诚意出售，看房方便,低楼层 (共18层) 2室2厅 | 77.74平米 | 南,190,"24,441",,77.74,,31.2793002,121.5155384,42290,3,,,,,,,,,,,
新城旭辉府,金山精装电梯三房，满五少税，业主诚意出售,低楼层 (共7层) | 2015年建 | 3室2厅 | 88.21平米 | 南,233,"26,415",2015,88.21,7,31.2793002,121.5155384,42290,3,,,,,,,,,,,
新城旭辉府,小两房，房龄新，中高楼层次新房，视野开阔无遮挡,中楼层 (共18层) 2室2厅 | 77.74平米 | 南,200,"25,727",,77.74,,31.2793002,121.5155384,42290,3,,,,,,,,,,,
梅州新村,总价低+22号线直达上海南站+完善的生活配套,高楼层 (共6层) | 1988年建 | 2室1厅 | 51.95平米 | 南,72,"13,860",1988,51.95,34,31.83559998,121.3384021,42290,3,,,,,,,,,,,
梅州新村,首付16万+精装修+22号线直达上海南站,高楼层 (共6层) | 1987年建 | 2室1厅 | 59.72平米 | 南,78,"13,061",1987,59.72,35,31.83559998,121.3384021,42290,3,,,,,,,,,,,
梅州新村,100万以下小三房+生活配套齐全+满五,高楼层 (共6层) | 1987年建 | 3室1厅 | 69.45平米 | 南 北,92,"13,247",1987,69.45,35,31.83559998,121.3384021,42290,3,,,,,,,,,,,
梅州新村,房型好＋生活配套齐全+单价低＋四站直达地铁22号线,高楼层 (共6层) | 1987年建 | 3室1厅 | 69.45平米 | 南,100,"14,399",1987,69.45,35,31.83559998,121.3384021,42290,3,,,,,,,,,,,
梅州新村,低楼层宜养老+低首付+22号线直达上海南站,高楼层 (共6层) | 1988年建 | 2室1厅 | 59.72平米 | 南,81,"13,564",1988,59.72,34,31.83559998,121.3384021,42290,3,,,,,,,,,,,
梅州新村,首付16万+简单装修+22号线直达上海南站,高楼层 (共6层) | 1987年建 | 2室1厅 | 51.95平米 | 南,72,"13,860",1987,51.95,35,31.83559998,121.3384021,42290,3,,,,,,,,,,,
梅州新村,首付16万+精装修+22号线直达上海南站,高楼层 (共6层) | 1987年建 | 2室1厅 | 59.72平米 | 南,78,"13,061",1987,59.72,35,31.83559998,121.3384021,42290,3,,,,,,,,,,,
梅州新村,房型好＋生活配套齐全+单价低＋四站直达地铁22号线,高楼层 (共6层) | 1988年建 | 2室1厅 | 64.96平米 | 南,88,"13,547",1988,64.96,34,31.83559998,121.3384021,42290,3,,,,,,,,,,,
梅州新村,清幽的环境+便利的交通+完善的生活配套,高楼层 (共6层) | 1990年建 | 2室1厅 | 61.5平米 | 南,85,"13,822",1990,61.5,32,31.83559998,121.3384021,42290,3,,,,,,,,,,,
梅州新村,房型好＋生活配套齐全+单价低＋四站直达地铁22号线,高楼层 (共6层) | 1987年建 | 3室1厅 | 69.45平米 | 南,100,"14,399",1987,69.45,35,31.83559998,121.3384021,42290,3,,,,,,,,,,,
梅州新村,房型好＋生活配套齐全+单价低＋四站直达地铁22号线,高楼层 (共6层) | 1988年建 | 2室1厅 | 59.72平米 | 南,85,"14,234",1988,59.72,34,31.83559998,121.3384021,42290,3,,,,,,,,,,,
梅州新村,近22号线的864双南两房+真实照片+居家装修可以拎包住,高楼层 (共6层) | 1990年建 | 2室1厅 | 64.96平米 | 南,88,"13,547",1990,64.96,32,31.83559998,121.3384021,42290,3,,,,,,,,,,,
正荣御首府,高品质优质小区，电梯房，环境好,中楼层 (共11层) 3室2厅 | 111.5平米 | 南,233,"20,897",,111.5,,30.75156543,121.3253855,42290,3,,,,,,,,,,,
正荣御首府,别墅一排 近万达 高品质小区 好楼层 好价格,中楼层 (共11层) 3室2厅 | 111.78平米 | 南,257,"22,992",,111.78,,30.75156543,121.3253855,42290,3,,,,,,,,,,,
正荣御首府,高品质小区丨房龄新丨电梯房丨房东诚意出售,低楼层 (共16层) 2室2厅 | 88.19平米 | 南,198,"22,452",,88.19,,30.75156543,121.3253855,42290,3,,,,,,,,,,,
正荣御首府,精装修+中间楼层采光通风好+近万达,中楼层 (共16层) 2室2厅 | 89平米 | 南,215,"24,158",,89,,30.75156543,121.3253855,42290,3,,,,,,,,,,,
正荣御首府,正荣御首府 3室2厅 南,中楼层 (共16层) 3室2厅 | 126.05平米 | 南,280,"22,214",,126.05,,30.75156543,121.3253855,42290,3,,,,,,,,,,,
正荣御首府,满五税少＋精装三房＋别墅一排无遮挡适养老,低楼层 (共16层) 3室2厅 | 123.06平米 | 南 北,276,"22,429",,123.06,,30.75156543,121.3253855,42290,3,,,,,,,,,,,
正荣御首府,高层+3房2卫+改善型房源+可三代同堂+业主诚意售,中楼层 (共16层) 3室2厅 | 124.62平米 | 南,280,"22,469",,124.62,,30.75156543,121.3253855,42290,3,,,,,,,,,,,
正荣御首府,精装大两房+优质小区次新房+税费房东自付,中楼层 (共16层) 2室2厅 | 89.4平米 | 南,198,"22,148",,89.4,,30.75156543,121.3253855,42290,3,,,,,,,,,,,
正荣御首府,自带小花园，品质小区环境优美，停车位充足,低楼层 (共11层) 3室2厅 | 111.78平米 | 南,240,"21,471",,111.78,,30.75156543,121.3253855,42290,3,,,,,,,,,,,
正荣御首府,高品质小区 精选大三房 空间大 纯毛坯 自行设计装修,中楼层 (共11层) 3室2厅 | 111.5平米 | 南,235,"21,077",,111.5,,30.75156543,121.3253855,42290,3,,,,,,,,,,,
正荣御首府,电梯三房 高层通透 精装修 采光好 适合全年龄段居住,高楼层 (共11层) | 2017年建 | 3室2厅 | 111.78平米 | 南,255,"22,813",2017,111.78,5,30.75156543,121.3253855,42290,3,,,,,,,,,,,
正荣御首府,双南户型 精装 顶楼出售 视野开阔 品质小区 配套齐全,高楼层 (共16层) 2室2厅 | 87.42平米 | 南 东,195,"22,307",,87.42,,30.75156543,121.3253855,42290,3,,,,,,,,,,,
正荣御首府,开发商精装修，看房随时，户型好,低楼层 (共11层) 3室2厅 | 111.5平米 | 南,242,"21,705",,111.5,,30.75156543,121.3253855,42290,3,,,,,,,,,,,
正荣御首府,前别墅，后小区中间，位置好，业主诚意，满五，税费少,低楼层 (共11层) 3室2厅 | 113平米 | 南,240,"21,239",,113,,30.75156543,121.3253855,42290,3,,,,,,,,,,,
正荣御首府,南北通透＋户型正+精装修拎包入住,高楼层 (共16层) 3室2厅 | 124.22平米 | 南 北,304,"24,473",,124.22,,30.75156543,121.3253855,42290,3,,,,,,,,,,,
正荣御首府,低总价，环境好，电梯房，三开间朝南,低楼层 (共16层) 2室1厅 | 88.16平米 | 南 北,200,"22,687",,88.16,,30.75156543,121.3253855,42290,3,,,,,,,,,,,
正荣御首府,全南向方正户型，业主诚心出售，随时可看,低楼层 (共16层) | 2016年建 | 2室1厅 | 89.6平米 | 南,205,"22,880",2016,89.6,6,30.75156543,121.3253855,42290,3,,,,,,,,,,,
正荣御首府,万达绿地双商圈 纯毛坯大三房满五年电梯 通透采光喜人,中楼层 (共11层) | 2016年建 | 3室2厅 | 111.78平米 | 南,268,"23,976",2016,111.78,6,30.75156543,121.3253855,42290,3,,,,,,,,,,,
正荣御首府,自带小花园，品质小区环境优美，停车位充足,低楼层 (共11层) 3室2厅 | 111.78平米 | 南,240,"21,471",,111.78,,30.75156543,121.3253855,42290,3,,,,,,,,,,,
水韵悦城,水韵悦城 3室2厅 东南,中楼层 (共6层) | 2007年建 | 3室2厅 | 117.44平米 | 东南,288,"24,524",2007,117.44,15,30.75285432,121.3359281,42290,3,,,,,,,,,,,
水韵悦城,正气南北两房，带花园，绿化高，产权清晰，诚意出售,低楼层 (共6层) | 2008年建 | 2室2厅 | 87.67平米 | 南,220,"25,095",2008,87.67,14,30.75285432,121.3359281,42290,3,,,,,,,,,,,
水韵悦城,带阁楼，大三房，采光好，精装修，诚意出售，产权清晰,高楼层 (共6层) | 2008年建 | 3室2厅 | 134.88平米 | 南 北,340,"25,208",2008,134.88,14,30.75285432,121.3359281,42290,3,,,,,,,,,,,
海上明珠园,错层复式，精装修，宽敞明亮，楼层好，居住舒适。,低楼层 (共7层) | 2007年建 | 2室2厅 | 98.01平米 | 南,190,"19,386",2007,98.01,15,30.72899506,121.3640763,42290,3,,,,,,,,,,,
海上明珠园,错层+22号线+城市沙滩+百联,低楼层 (共16层) | 2008年建 | 2室2厅 | 104.47平米 | 南,169,"16,177",2008,104.47,14,30.72899506,121.3640763,42290,3,,,,,,,,,,,
海上明珠园,金山卫 百联 小火车 三室 全明 视野好,低楼层 (共12层) | 2006年建 | 3室2厅 | 138.39平米 | 南,265,"19,149",2006,138.39,16,30.72899506,121.3640763,42290,3,,,,,,,,,,,
海上明珠园,铁路旁，百联商圈，不靠路，满五,中楼层 (共7层) | 2005年建 | 2室2厅 | 94.07平米 | 南,195,"20,730",2005,94.07,17,30.72899506,121.3640763,42290,3,,,,,,,,,,,
海上明珠园,金山卫 万达 明珠园 三房 近百联,中楼层 (共7层) | 2006年建 | 3室2厅 | 127.21平米 | 南,245,"19,260",2006,127.21,16,30.72899506,121.3640763,42290,3,,,,,,,,,,,
海上明珠园,铁路旁，百联商圈，不靠路，满五,中楼层 (共7层) | 2005年建 | 2室2厅 | 94.07平米 | 南,195,"20,730",2005,94.07,17,30.72899506,121.3640763,42290,3,,,,,,,,,,,
海上明珠园,金山卫 万达 明珠园 三房 近百联,中楼层 (共7层) | 2006年建 | 3室2厅 | 127.21平米 | 南,245,"19,260",2006,127.21,16,30.72899506,121.3640763,42290,3,,,,,,,,,,,
海上明珠园,金山卫 百联 小火车 三室 全明 视野好,低楼层 (共12层) | 2006年建 | 3室2厅 | 138.39平米 | 南,265,"19,149",2006,138.39,16,30.72899506,121.3640763,42290,3,,,,,,,,,,,
海上明珠园,铁路旁，百联商圈，不靠路，满五,中楼层 (共7层) | 2005年建 | 2室2厅 | 94.07平米 | 南,195,"20,730",2005,94.07,17,30.72899506,121.3640763,42290,3,,,,,,,,,,,
海上明珠园,满五税费少，精装修，楼层佳，拎包入住,高楼层 (共7层) | 2005年建 | 4室3厅 | 193.12平米 | 南,350,"18,124",2005,193.12,17,30.72899506,121.3640763,42290,3,,,,,,,,,,,
海上明珠园,金山卫 明珠园 三房 光线好 交通方便,高楼层 (共16层) | 2008年建 | 3室2厅 | 145.14平米 | 南,295,"20,326",2008,145.14,14,30.72899506,121.3640763,42290,3,,,,,,,,,,,
海上纳缇,海上纳缇 2室2厅 南,低楼层 (共8层) | 2014年建 | 2室2厅 | 92.77平米 | 南,255,"27,488",2014,92.77,8,30.75873285,121.333003,42290,3,,,,,,,,,,,
海上纳缇,金山万达旁，低密度电梯洋房，动静分离，中间楼层,中楼层 (共8层) | 2014年建 | 2室2厅 | 91.95平米 | 南,252,"27,407",2014,91.95,8,30.75873285,121.333003,42290,3,,,,,,,,,,,
海上纳缇,近地铁+精装修+大花园+万达商圈+户型通透+诚意出售,低楼层 (共8层) | 2014年建 | 2室2厅 | 92.58平米 | 南,255,"27,544",2014,92.58,8,30.75873285,121.333003,42290,3,,,,,,,,,,,
海上纳缇,金山万达旁，洋房小区，纳缇大三房,中楼层 (共8层) | 2014年建 | 3室2厅 | 126.75平米 | 南,373,"29,429",2014,126.75,8,30.75873285,121.333003,42290,3,,,,,,,,,,,
海上纳缇,南北通透格局，楼层好，视野开阔，采光充足，设施齐全,中楼层 (共8层) | 2013年建 | 2室2厅 | 91.99平米 | 南 北,264,"28,699",2013,91.99,9,30.75873285,121.333003,42290,3,,,,,,,,,,,
海上纳缇,金山高品质洋房社区，人车分流，精装修，拎包入住,低楼层 (共8层) | 2013年建 | 2室2厅 | 91.87平米 | 南,246,"26,777",2013,91.87,9,30.75873285,121.333003,42290,3,,,,,,,,,,,
海尚馨苑,海尚馨苑 2室1厅 南,低楼层 (共6层) | 2008年建 | 2室1厅 | 69.26平米 | 南,140,"20,214",2008,69.26,14,30.76142786,121.352832,42290,3,,,,,,,,,,,
海尚馨苑,海尚馨苑 3室2厅 南,高楼层 (共6层) | 2008年建 | 3室2厅 | 128.57平米 | 南,235,"18,278",2008,128.57,14,30.76142786,121.352832,42290,3,,,,,,,,,,,
海棠新村,金山卫22号线+金山百联 业主诚意出售 看房方便,高楼层 (共6层) | 1988年建 | 2室1厅 | 59.72平米 | 南 北,79,"13,229",1988,59.72,34,30.72599715,121.354591,42290,3,,,,,,,,,,,
海棠新村,金山卫22号线旁 非顶楼180度景观阳台 户型朝南 近百联,高楼层 (共6层) | 1988年建 | 2室1厅 | 61.71平米 | 南 北,85,"13,775",1988,61.71,34,30.72599715,121.354591,42290,3,,,,,,,,,,,
海棠新村,楼梯高楼层 业主急售 采光好 蝴蝶户型,高楼层 (共6层) | 1988年建 | 3室2厅 | 70.68平米 | 南,97.5,"13,795",1988,70.68,34,30.72599715,121.354591,42290,3,,,,,,,,,,,
海棠新村,新上非顶楼+近22号线+近4A级城市沙滩+直达南站32min,高楼层 (共6层) | 1990年建 | 2室1厅 | 58.9平米 | 南 北,80,"13,583",1990,58.9,32,30.72599715,121.354591,42290,3,,,,,,,,,,,
海趣馨苑,带飘窗，大三房，餐、客厅分离，,高楼层 (共6层) | 2005年建 | 3室2厅 | 130.87平米 | 南,239,"18,263",2005,130.87,17,30.75346594,121.3402853,42290,3,,,,,,,,,,,
海趣馨苑,满五，税费低；单价低，总价低；方便看房。,低楼层 (共6层) | 2005年建 | 3室2厅 | 130.87平米 | 南,258,"19,715",2005,130.87,17,30.75346594,121.3402853,42290,3,,,,,,,,,,,
海趣馨苑,金山新城 电梯中层 1T2H 南北通 采光好 中间位置,中楼层 (共11层) | 2006年建 | 2室2厅 | 103.84平米 | 南,212.5,"20,465",2006,103.84,16,30.75346594,121.3402853,42290,3,,,,,,,,,,,
海趣馨苑,"全明户型，低总价，产权明晰,位置好",中楼层 (共6层) | 2005年建 | 2室2厅 | 85.43平米 | 南,190,"22,241",2005,85.43,17,30.75346594,121.3402853,42290,3,,,,,,,,,,,
海趣馨苑,满五，户型方正，单价低，总价低，环境好,低楼层 (共6层) | 2005年建 | 3室2厅 | 126.27平米 | 南,235,"18,611",2005,126.27,17,30.75346594,121.3402853,42290,3,,,,,,,,,,,
海趣馨苑,别不信，却有这房，别不买，机会难得，别嫌贵其实便宜,高楼层 (共6层) | 2005年建 | 3室2厅 | 117.4平米 | 南,210,"17,888",2005,117.4,17,30.75346594,121.3402853,42290,3,,,,,,,,,,,
海趣馨苑,金山新城好房+南北格局+满五年税少+诚意卖看房方便,高楼层 (共6层) | 2005年建 | 3室2厅 | 131平米 | 南,244,"18,626",2005,131,17,30.75346594,121.3402853,42290,3,,,,,,,,,,,
海辰馨苑,海辰馨苑 2室1厅 南,高楼层 (共6层) | 2007年建 | 2室1厅 | 96.43平米 | 南,170,"17,630",2007,96.43,15,30.76273291,121.3571118,42290,3,,,,,,,,,,,
海辰馨苑,满wv一 单价低 总价低 养老好房,低楼层 (共6层) | 2007年建 | 2室2厅 | 96.21平米 | 南,165,"17,150",2007,96.21,15,30.76273291,121.3571118,42290,3,,,,,,,,,,,
海辰馨苑,满五年，近万达，总价低，小区环境好，带阁楼露台,高楼层 (共6层) | 2007年建 | 3室2厅 | 98.51平米 | 南,180,"18,273",2007,98.51,15,30.76273291,121.3571118,42290,3,,,,,,,,,,,
海辰馨苑,万达商圈 小区中间 精装修 诚意出售,低楼层 (共11层) | 2008年建 | 3室2厅 | 142.41平米 | 南 北,260,"18,258",2008,142.41,14,30.76273291,121.3571118,42290,3,,,,,,,,,,,
海辰馨苑,三房！中间楼层，户型方正，配套齐全,中楼层 (共6层) | 2007年建 | 3室2厅 | 153.02平米 | 南,295,"19,279",2007,153.02,15,30.76273291,121.3571118,42290,3,,,,,,,,,,,
海辰馨苑,小户型+总价低+带储藏室+配套齐全+养老之选,低楼层 (共6层) | 2007年建 | 1室2厅 | 61.87平米 | 南,122,"19,719",2007,61.87,15,30.76273291,121.3571118,42290,3,,,,,,,,,,,
海辰馨苑,满五年，近万达，配套完善，总价低,低楼层 (共6层) | 2007年建 | 2室1厅 | 61.58平米 | 南,118,"19,163",2007,61.58,15,30.76273291,121.3571118,42290,3,,,,,,,,,,,
海辰馨苑,精装小三房＋环境优美＋动静分离明确的户型＋价格亲民,低楼层 (共6层) | 2007年建 | 3室2厅 | 104.65平米 | 南,175,"16,723",2007,104.65,15,30.76273291,121.3571118,42290,3,,,,,,,,,,,
海辰馨苑,新城07年大复式+3露台+有钥匙+满五诚意卖,高楼层 (共6层) | 2007年建 | 5室2厅 | 208.61平米 | 南,280,"13,423",2007,208.61,15,30.76273291,121.3571118,42290,3,,,,,,,,,,,
海辰馨苑,万达广场 ＋户型方正＋ 产权清＋ 复式带大露台,高楼层 (共6层) | 2007年建 | 2室2厅 | 98.89平米 | 南 北,185,"18,708",2007,98.89,15,30.76273291,121.3571118,42290,3,,,,,,,,,,,
海辰馨苑,满五年，近万达，总价低，小区环境好，带阁楼露台,高楼层 (共6层) | 2007年建 | 3室2厅 | 98.51平米 | 南,180,"18,273",2007,98.51,15,30.76273291,121.3571118,42290,3,,,,,,,,,,,
海辰馨苑,金山新城07年大复式+满五税少+诚意卖看中可线上签约,高楼层 (共6层) | 2007年建 | 6室3厅 | 193.83平米 | 南 北,293,"15,117",2007,193.83,15,30.76273291,121.3571118,42290,3,,,,,,,,,,,
海辰馨苑,小户型，总价低，易看房，无抵押,低楼层 (共6层) | 2007年建 | 1室2厅 | 61.97平米 | 南,123,"19,849",2007,61.97,15,30.76273291,121.3571118,42290,3,,,,,,,,,,,
滨海一村,滨海一村 1室1厅 南,高楼层 (共6层) | 1986年建 | 1室1厅 | 36.19平米 | 南,46,"12,711",1986,36.19,36,30.73478953,121.3303298,42290,3,,,,,,,,,,,
滨海一村,滨海一村 1室1厅 南,高楼层 (共6层) | 1986年建 | 1室1厅 | 36.19平米 | 南,46,"12,711",1986,36.19,36,30.73478953,121.3303298,42290,3,,,,,,,,,,,
滨海三村,好户型 好价格 一梯两户 小两房 聚焦房源,高楼层 (共6层) | 1982年建 | 2室1厅 | 43.23平米 | 南 北,53,"12,261",1982,43.23,40,31.15022182,121.7925412,42290,3,,,,,,,,,,,
绿地玲珑寓,顶楼复式+大露台+精装两房+覆盖式空调,高楼层 (共6层) | 2010年建 | 2室2厅 | 74平米 | 南,131,"17,703",2010,74,12,30.75423397,121.3208018,42290,3,,,,,,,,,,,
绿地玲珑寓,电梯房，看房方便，有钥匙，采光充足。,低楼层 (共14层) | 2010年建 | 1室2厅 | 65.89平米 | 南,116,"17,606",2010,65.89,12,30.75423397,121.3208018,42290,3,,,,,,,,,,,
绿地玲珑寓,绿地玲珑寓 2室1厅 南,中楼层 (共6层) | 2010年建 | 2室1厅 | 73.84平米 | 南,128,"17,335",2010,73.84,12,30.75423397,121.3208018,42290,3,,,,,,,,,,,
绿地金卫新家园（东区）,一房 楼层好 适合家庭人员少 养老家庭,中楼层 (共6层) | 2007年建 | 1室2厅 | 64.08平米 | 西南,112,"17,479",2007,64.08,15,30.74996253,121.3204121,42290,3,,,,,,,,,,,
绿地金卫新家园（东区）,金山新城丨精装大三房丨飞机户型丨业主诚意丨钥匙,低楼层 (共6层) | 2007年建 | 3室2厅 | 118.37平米 | 南,170,"14,362",2007,118.37,15,30.74996253,121.3204121,42290,3,,,,,,,,,,,
绿地金卫新家园（东区）,绿地品质 满五年 50万装修 带露台,高楼层 (共7层) | 2007年建 | 3室2厅 | 152.32平米 | 南 北,255,"16,742",2007,152.32,15,30.74996253,121.3204121,42290,3,,,,,,,,,,,
绿地金卫新家园（东区）,大两房，通风采光俱佳，精装修可拎包入住，可看房,低楼层 (共5层) | 2009年建 | 2室2厅 | 87.33平米 | 南,145,"16,604",2009,87.33,13,30.74996253,121.3204121,42290,3,,,,,,,,,,,
绿地金卫新家园（东区）,精装修两房，绿地万达双商圈，目前可看房,低楼层 (共6层) | 2009年建 | 2室2厅 | 99.29平米 | 南,155,"15,611",2009,99.29,13,30.74996253,121.3204121,42290,3,,,,,,,,,,,
绿地金卫新家园（东区）,满五年税费少 一梯一户户型 精装3房带露台,高楼层 (共5层) | 2009年建 | 3室2厅 | 118.45平米 | 南,205,"17,307",2009,118.45,13,30.74996253,121.3204121,42290,3,,,,,,,,,,,
绿地金卫新家园（东区）,新城区板块，带20㎡阁楼+40㎡露台，看房方便，有钥匙,高楼层 (共6层) | 2007年建 | 3室2厅 | 118.75平米 | 南,199,"16,758",2007,118.75,15,30.74996253,121.3204121,42290,3,,,,,,,,,,,
绿地金卫新家园（东区）,新城区精装3房，业主诚意，满五年，税费少。,高楼层 (共6层) | 2007年建 | 3室2厅 | 119.04平米 | 南,190,"15,962",2007,119.04,15,30.74996253,121.3204121,42290,3,,,,,,,,,,,
绿地金卫新家园（东区）,精装修 近万达 楼层好 业主诚意出售,中楼层 (共5层) | 2007年建 | 1室2厅 | 64.82平米 | 南,108,"16,662",2007,64.82,15,30.74996253,121.3204121,42290,3,,,,,,,,,,,
绿地金卫新家园（东区）,绿地万达双商圈丨满五税费少丨楼层佳采光好丨总价低,高楼层 (共6层) | 2007年建 | 3室2厅 | 118.85平米 | 南,195,"16,408",2007,118.85,15,30.74996253,121.3204121,42290,3,,,,,,,,,,,
绿地金卫新家园（东区）,万达绿地丨简装两房丨南北双阳台丨低总价丨楼层好,低楼层 (共7层) | 2009年建 | 2室2厅 | 92平米 | 南,148,"16,087",2009,92,13,30.74996253,121.3204121,42290,3,,,,,,,,,,,
绿地金卫新家园（东区）,绿地纯毛坯 打造您想要的家 满五年 税费少 带阁楼,高楼层 (共6层) | 2007年建 | 1室2厅 | 64.65平米 | 南,106,"16,396",2007,64.65,15,30.74996253,121.3204121,42290,3,,,,,,,,,,,
绿地金卫新家园（东区）,绿地复式，精装修，近万达，诚意出售价格可谈,高楼层 (共6层) | 2007年建 | 4室1厅 | 151.77平米 | 南,230,"15,155",2007,151.77,15,30.74996253,121.3204121,42290,3,,,,,,,,,,,
绿地金卫新家园（东区）,满五年税费少 双商圈 配套齐全 业主诚意出售,低楼层 (共6层) | 2009年建 | 1室1厅 | 64.66平米 | 南 北,115,"17,786",2009,64.66,13,30.74996253,121.3204121,42290,3,,,,,,,,,,,
绿地金卫新家园（东区）,绿地稀有户型，中间楼层，价格可谈，满五年*税费少,低楼层 (共6层) | 2009年建 | 3室2厅 | 107.04平米 | 南,165,"15,415",2009,107.04,13,30.74996253,121.3204121,42290,3,,,,,,,,,,,
绿地金卫新家园（东区）,万达绿地双商圈+中间楼层+大三房户型方正+精装修,低楼层 (共6层) | 2007年建 | 3室2厅 | 107.11平米 | 南,173,"16,152",2007,107.11,15,30.74996253,121.3204121,42290,3,,,,,,,,,,,
绿地金卫新家园（东区）,品质小区，适合大多数人群居住，，，,高楼层 (共5层) | 2009年建 | 2室2厅 | 111.76平米 | 南 北,179.8,"16,089",2009,111.76,13,30.74996253,121.3204121,42290,3,,,,,,,,,,,
绿地金卫新家园（东区）,满五年，毛坯，可自行装修。万达绿地双商圈。,高楼层 (共6层) | 2009年建 | 1室2厅 | 64.19平米 | 南,107,"16,670",2009,64.19,13,30.74996253,121.3204121,42290,3,,,,,,,,,,,
绿地金卫新家园（东区）,精装修，满五年大两房，适合自己的装修才是好的,低楼层 (共6层) | 2007年建 | 2室2厅 | 93平米 | 南,158,"16,990",2007,93,15,30.74996253,121.3204121,42290,3,,,,,,,,,,,
绿地金卫新家园（东区）,飞机户型，全明，带储藏室，有钥匙，看房方便。,高楼层 (共6层) | 2009年建 | 3室2厅 | 112.12平米 | 南,180,"16,055",2009,112.12,13,30.74996253,121.3204121,42290,3,,,,,,,,,,,
绿地金卫新家园（东区）,楼梯房，满五年，楼层位置好，税费少，业主诚意出售,高楼层 (共6层) | 2009年建 | 1室2厅 | 63.51平米 | 南,106,"16,691",2009,63.51,13,30.74996253,121.3204121,42290,3,,,,,,,,,,,
绿地金卫新家园（东区）,房子是中间楼层的，满五年税费少,中楼层 (共6层) | 2007年建 | 2室2厅 | 92.68平米 | 南 北,150,"16,185",2007,92.68,15,30.74996253,121.3204121,42290,3,,,,,,,,,,,
绿地金卫新家园（东区）,总价低，业主诚心出售，楼层位置好，采光好,高楼层 (共6层) | 2007年建 | 3室2厅 | 107.11平米 | 南,168,"15,685",2007,107.11,15,30.74996253,121.3204121,42290,3,,,,,,,,,,,
绿地金卫新家园（东区）,总价低，业主诚心出售，楼层位置好，采光好,中楼层 (共6层) | 2007年建 | 1室1厅 | 63.95平米 | 南,106,"16,576",2007,63.95,15,30.74996253,121.3204121,42290,3,,,,,,,,,,,
绿地金卫新家园（东区）,楼层好 精装大两房 前后无遮挡 全明户型采光好,中楼层 (共6层) | 2009年建 | 2室2厅 | 98.6平米 | 南,162,"16,431",2009,98.6,13,30.74996253,121.3204121,42290,3,,,,,,,,,,,
绿地金卫新家园（西区）,此房南北通透格局，精装修，户型方正。,低楼层 (共6层) | 2007年建 | 3室2厅 | 117.84平米 | 南 北,165,"14,003",2007,117.84,15,30.74999628,121.3169131,42290,3,,,,,,,,,,,
绿地金卫新家园（西区）,绿地万达双商圈 总价低 生活配套齐全,低楼层 (共12层) | 2010年建 | 1室2厅 | 69.36平米 | 南,102,"14,706",2010,69.36,12,30.74999628,121.3169131,42290,3,,,,,,,,,,,
绿地金卫新家园（西区）,绿地金卫新家园（西区） 2室2厅 南,低楼层 (共6层) | 2007年建 | 2室2厅 | 86.68平米 | 南,142,"16,383",2007,86.68,15,30.74999628,121.3169131,42290,3,,,,,,,,,,,
绿地金卫新家园（西区）,南北通透＋楼层好＋小区环境优美＋精装修拎包入住,低楼层 (共6层) | 2007年建 | 2室2厅 | 92.4平米 | 南 北,150,"16,234",2007,92.4,15,30.74999628,121.3169131,42290,3,,,,,,,,,,,
绿地金卫新家园（西区）,地铁22号线+万达绿地双商圈+带阁楼+刚需好房,高楼层 (共6层) | 2007年建 | 1室1厅 | 64.59平米 | 南,101,"15,638",2007,64.59,15,30.74999628,121.3169131,42290,3,,,,,,,,,,,
绿地金卫新家园（西区）,新城区精装电梯2房+满五年+楼下固定车位，业主诚意。,中楼层 (共12层) | 2007年建 | 2室2厅 | 95.75平米 | 南,160,"16,711",2007,95.75,15,30.74999628,121.3169131,42290,3,,,,,,,,,,,
绿地金卫新家园（西区）,绿地金卫新家园（西区） 2室2厅 南,高楼层 (共6层) | 2007年建 | 2室2厅 | 93.21平米 | 南,155,"16,630",2007,93.21,15,30.74999628,121.3169131,42290,3,,,,,,,,,,,
绿地金卫新家园（西区）,118平大三房+满五+飞机户型+全明三开间朝南,低楼层 (共6层) | 2007年建 | 3室2厅 | 118.46平米 | 南 北,200,"16,884",2007,118.46,15,30.74999628,121.3169131,42290,3,,,,,,,,,,,
绿地金卫新家园（西区）,万达绿地双商圈，低楼层，出行便利,低楼层 (共6层) | 2007年建 | 2室2厅 | 86.37平米 | 南 北,132,"15,284",2007,86.37,15,30.74999628,121.3169131,42290,3,,,,,,,,,,,
绿地金卫新家园（西区）,"河景精装两居室，垫高一楼不潮湿,配套成熟出行便利",低楼层 (共5层) | 2007年建 | 2室2厅 | 92.73平米 | 南,152.5,"16,446",2007,92.73,15,30.74999628,121.3169131,42290,3,,,,,,,,,,,
绿地金卫新家园（西区）,新城区精装电梯2房+满五年+楼下固定车位，业主诚意。,中楼层 (共12层) | 2007年建 | 2室2厅 | 95.75平米 | 南,160,"16,711",2007,95.75,15,30.74999628,121.3169131,42290,3,,,,,,,,,,,
绿地金卫新家园（西区）,绿地金卫新家园（西区） 3室2厅 南,高楼层 (共6层) | 2007年建 | 3室2厅 | 107.11平米 | 南,174,"16,245",2007,107.11,15,30.74999628,121.3169131,42290,3,,,,,,,,,,,
绿地金卫新家园（西区）,万达+绿地+22号线+有阁楼+地下室+刚需佳选+快快看过来,高楼层 (共6层) | 2007年建 | 1室2厅 | 75.26平米 | 南,120,"15,945",2007,75.26,15,30.74999628,121.3169131,42290,3,,,,,,,,,,,
绿地金卫新家园（西区）,五一看房方便 绿地+万达双商圈 配套齐全 满5V1,高楼层 (共6层) | 2007年建 | 2室2厅 | 87.01平米 | 南,133,"15,286",2007,87.01,15,30.74999628,121.3169131,42290,3,,,,,,,,,,,
绿地金卫新家园（西区）,新城区近万达+ 阁楼+露 台，满五年，税费少,高楼层 (共6层) | 2007年建 | 2室2厅 | 92.99平米 | 南,157,"16,884",2007,92.99,15,30.74999628,121.3169131,42290,3,,,,,,,,,,,
绿地金卫新家园（西区）,万达绿地双商圈+楼层佳+刚需好房+总价低+业主诚意,高楼层 (共6层) | 2007年建 | 1室2厅 | 64.82平米 | 南,99.99,"15,426",2007,64.82,15,30.74999628,121.3169131,42290,3,,,,,,,,,,,
绿地金山名邸,绿地万达双商圈+中间楼层+精装修+刚需置换+业主诚意,中楼层 (共11层) | 2014年建 | 3室2厅 | 89.07平米 | 南 北,175,"19,648",2014,89.07,8,30.75471027,121.3233658,42290,3,,,,,,,,,,,
绿地金山名邸,首付60万，上海精装修3房，满五年，税费少，近万达,低楼层 (共11层) | 2014年建 | 3室2厅 | 89.78平米 | 南,168,"18,713",2014,89.78,8,30.75471027,121.3233658,42290,3,,,,,,,,,,,
绿地金山名邸,绿地优质毛坯+大三房两房朝南+刚需改善养老+价格实惠,低楼层 (共11层) | 2014年建 | 3室1厅 | 103.15平米 | 南,173,"16,772",2014,103.15,8,30.75471027,121.3233658,42290,3,,,,,,,,,,,
绿地金山名邸,绿地万达双商圈+中间楼层+精装修+刚需置换+业主诚意,中楼层 (共11层) | 2014年建 | 3室2厅 | 89.07平米 | 南 北,175,"19,648",2014,89.07,8,30.75471027,121.3233658,42290,3,,,,,,,,,,,
绿地金山名邸,2014年次新小区 毛坯房 税费少 适合自己装修,低楼层 (共11层) | 2013年建 | 3室2厅 | 87.05平米 | 南,168,"19,300",2013,87.05,9,30.75471027,121.3233658,42290,3,,,,,,,,,,,
绿地金山名邸,万达绿地双商圈，精装修拎包入住，精装修，舒适大三房,中楼层 (共11层) | 2011年建 | 3室2厅 | 89.42平米 | 南 北,175,"19,571",2011,89.42,11,30.75471027,121.3233658,42290,3,,,,,,,,,,,
绿地金山名邸,近万达 绿地品质 次新房 品牌精装满五唯 一,低楼层 (共11层) | 2014年建 | 3室2厅 | 89.41平米 | 南,173,"19,350",2014,89.41,8,30.75471027,121.3233658,42290,3,,,,,,,,,,,
绿地金山名邸,万达旁方正户型，三房两厅两卫，采光充足，视野开阔。,中楼层 (共11层) | 2013年建 | 3室2厅 | 103.2平米 | 南 北,178,"17,249",2013,103.2,9,30.75471027,121.3233658,42290,3,,,,,,,,,,,
绿地金山名邸,万达绿地双商圈+中间楼层+户型方正+业主诚意出售,中楼层 (共11层) | 2011年建 | 3室2厅 | 87.32平米 | 南,165,"18,897",2011,87.32,11,30.75471027,121.3233658,42290,3,,,,,,,,,,,
绿地金山名邸,纯商品房小区 三代or养老神房 全明户型 快来看,低楼层 (共11层) | 2011年建 | 3室2厅 | 93.66平米 | 南,185,"19,753",2011,93.66,11,30.75471027,121.3233658,42290,3,,,,,,,,,,,
绿地金山名邸,万达商圈+经典毛坯+低总价紧凑小三房+诚意出售,低楼层 (共11层) | 2014年建 | 3室2厅 | 89.41平米 | 南,165,"18,455",2014,89.41,8,30.75471027,121.3233658,42290,3,,,,,,,,,,,
绿地金山名邸,满五年税费少，电梯商品房，带装修总价低,低楼层 (共11层) | 2013年建 | 3室2厅 | 103.07平米 | 南 北,194,"18,823",2013,103.07,9,30.75471027,121.3233658,42290,3,,,,,,,,,,,
绿地金山名邸,新城万达商圈，业主诚意，低楼层，适合出行，视野好。,低楼层 (共11层) | 2013年建 | 3室2厅 | 103.21平米 | 南,209,"20,250",2013,103.21,9,30.75471027,121.3233658,42290,3,,,,,,,,,,,
绿地金山名邸,3房2厅+居家装修+南北朝向+近万达,低楼层 (共11层) | 2014年建 | 3室2厅 | 88.03平米 | 南,175,"19,880",2014,88.03,8,30.75471027,121.3233658,42290,3,,,,,,,,,,,
绿地金山名邸,绿地万达双商圈＋电梯四房适养老 满五税费少,中楼层 (共11层) | 2011年建 | 4室2厅 | 116.66平米 | 南,240,"20,573",2011,116.66,11,30.75471027,121.3233658,42290,3,,,,,,,,,,,
绿地金山名邸,电梯三房，南北通透，视野好，采光好,高楼层 (共11层) | 2013年建 | 3室2厅 | 90平米 | 南 北,178,"19,778",2013,90,9,30.75471027,121.3233658,42290,3,,,,,,,,,,,
绿地金山名邸,绿地金山名邸 4室2厅 南,低楼层 (共11层) | 2011年建 | 4室2厅 | 116.66平米 | 南,236,"20,230",2011,116.66,11,30.75471027,121.3233658,42290,3,,,,,,,,,,,
绿地金山名邸,满五三房，全明户型采光好，近万达,低楼层 (共11层) | 2014年建 | 3室1厅 | 103.21平米 | 南 北,217,"21,026",2014,103.21,8,30.75471027,121.3233658,42290,3,,,,,,,,,,,
绿地金山名邸,万达绿地双商圈，满五，3+1全明，视野开阔前后无遮挡,高楼层 (共11层) | 2011年建 | 3室2厅 | 102.65平米 | 南,207,"20,166",2011,102.65,11,30.75471027,121.3233658,42290,3,,,,,,,,,,,
赞成红树林,近万达靠世外 电梯大三房 产证满五 稀有带产权车位,中楼层 (共14层) | 2010年建 | 3室2厅 | 135.41平米 | 南 北,370,"27,325",2010,135.41,12,30.75645089,121.338614,42290,3,,,,,,,,,,,
赞成红树林,电梯房中间楼层 小区中间位置 装修干净 满五,低楼层 (共12层) | 2011年建 | 3室2厅 | 124.59平米 | 南 北,338,"27,129",2011,124.59,11,30.75645089,121.338614,42290,3,,,,,,,,,,,
赞成红树林,金山世外邻 万达繁华地 电梯好楼层 置业如心意,高楼层 (共9层) | 2010年建 | 2室2厅 | 89.57平米 | 南,252,"28,135",2010,89.57,12,30.75645089,121.338614,42290,3,,,,,,,,,,,
赞成红树林,近万达商圈 带产权车位 飞机户型大三房 看房方便,低楼层 (共14层) | 2011年建 | 3室2厅 | 122平米 | 南 北,335,"27,460",2011,122,11,30.75645089,121.338614,42290,3,,,,,,,,,,,
赞成红树林,近万达，双卫大三房，满五年，南北双阳台好户型。,低楼层 (共14层) | 2010年建 | 3室2厅 | 135.41平米 | 南 北,305,"22,525",2010,135.41,12,30.75645089,121.338614,42290,3,,,,,,,,,,,
赞成红树林,近万达 满五税费少 前后采光好 诚意出售 看房方便,中楼层 (共9层) | 2008年建 | 3室2厅 | 132.84平米 | 南 北,345,"25,972",2008,132.84,14,30.75645089,121.338614,42290,3,,,,,,,,,,,
赞成红树林,红树林133.3平倒复式大三房 有40多平储藏室,低楼层 (共9层) | 2008年建 | 3室2厅 | 133.31平米 | 南,335,"25,130",2008,133.31,14,30.75645089,121.338614,42290,3,,,,,,,,,,,
辰凯紫薇苑,满五年+好楼层+位置好+得房率高,低楼层 (共6层) | 2003年建 | 2室2厅 | 96.66平米 | 南,183,"18,933",2003,96.66,19,30.7394505,121.3458768,42290,3,,,,,,,,,,,
辰凯紫薇苑,满五+中间楼层+8平储藏室+近百联万达+金山卫站,中楼层 (共6层) | 2005年建 | 2室2厅 | 88.39平米 | 南,191,"21,609",2005,88.39,17,30.7394505,121.3458768,42290,3,,,,,,,,,,,
辰凯紫薇苑,满五+中间楼层+8平储藏室+近百联万达+金山卫站,中楼层 (共6层) | 2005年建 | 2室2厅 | 88.39平米 | 南,191,"21,609",2005,88.39,17,30.7394505,121.3458768,42290,3,,,,,,,,,,,
辰凯紫薇苑,满五+近百联万达+金山卫站+中间楼层,中楼层 (共5层) | 2002年建 | 2室2厅 | 88.12平米 | 南,188,"21,335",2002,88.12,20,30.7394505,121.3458768,42290,3,,,,,,,,,,,
辰凯紫薇苑,紫薇苑温馨三房+中楼层+户型方正+满五年+拎包入住,中楼层 (共6层) | 2004年建 | 3室2厅 | 117.69平米 | 南,247,"20,988",2004,117.69,18,30.7394505,121.3458768,42290,3,,,,,,,,,,,
辰凯紫薇苑,辰凯紫薇苑+大三房+满五年+位置好,高楼层 (共6层) | 2002年建 | 3室2厅 | 121.72平米 | 南 北,245,"20,129",2002,121.72,20,30.7394505,121.3458768,42290,3,,,,,,,,,,,
辰凯紫薇苑,紫薇苑阔气大三房+中楼层+满五年+价格可谈,中楼层 (共6层) | 2003年建 | 3室2厅 | 121.75平米 | 南,250,"20,534",2003,121.75,19,30.7394505,121.3458768,42290,3,,,,,,,,,,,
辰凯紫薇苑,满五+低楼层+8平储藏室+近百联万达+金山卫站,低楼层 (共6层) | 2003年建 | 3室2厅 | 121.75平米 | 南,240,"19,713",2003,121.75,19,30.7394505,121.3458768,42290,3,,,,,,,,,,,
辰凯紫薇苑,百联旁，蒙山菜场旁，地铁22号线,中楼层 (共6层) | 2003年建 | 3室2厅 | 128.15平米 | 南 北,255,"19,899",2003,128.15,19,30.7394505,121.3458768,42290,3,,,,,,,,,,,
辰凯紫薇苑,满五+7平储藏室+近百联万达+金山卫站，诚意出售,高楼层 (共6层) | 2005年建 | 2室2厅 | 94.65平米 | 南,199,"21,025",2005,94.65,17,30.7394505,121.3458768,42290,3,,,,,,,,,,,
辰凯紫薇苑,满五+近百联万达+金山卫站+中间楼层,高楼层 (共6层) | 2005年建 | 2室2厅 | 95.91平米 | 南,197,"20,541",2005,95.91,17,30.7394505,121.3458768,42290,3,,,,,,,,,,,
辰凯紫薇苑,满五年+好楼层+位置好+得房率高,低楼层 (共6层) | 2003年建 | 2室2厅 | 96.66平米 | 南,183,"18,933",2003,96.66,19,30.7394505,121.3458768,42290,3,,,,,,,,,,,
辰凯花苑,辰凯花苑 2室1厅 南,高楼层 (共6层) | 1998年建 | 2室1厅 | 74.24平米 | 南,140,"18,858",1998,74.24,24,30.73211029,121.3473317,42290,3,,,,,,,,,,,
辰凯花苑,全明户型+南北通+钥匙房+采光好+22号线,高楼层 (共6层) | 1999年建 | 2室1厅 | 79.55平米 | 南,155,"19,485",1999,79.55,23,30.73211029,121.3473317,42290,3,,,,,,,,,,,
辰凯花苑,百联商圈+近地铁+精装修飞机户型+三房两厅两卫+税费少,高楼层 (共6层) | 1998年建 | 3室2厅 | 114.42平米 | 南,198,"17,305",1998,114.42,24,30.73211029,121.3473317,42290,3,,,,,,,,,,,
辰凯花苑,电梯房+2房2卫+配套成熟+交通方便+地铁22号线,低楼层 (共12层) | 2002年建 | 2室2厅 | 111.43平米 | 南,223,"20,013",2002,111.43,20,30.73211029,121.3473317,42290,3,,,,,,,,,,,
辰凯花苑,此房满五年，小区中间位置，户型方正，看房方便,高楼层 (共6层) | 1998年建 | 4室2厅 | 148平米 | 南,248,"16,757",1998,148,24,30.73211029,121.3473317,42290,3,,,,,,,,,,,
辰凯花苑,此房满五户型很好，双卧朝南，一房南北户型全明无暗间,高楼层 (共6层) | 1998年建 | 3室2厅 | 92.58平米 | 南 北,173,"18,687",1998,92.58,24,30.73211029,121.3473317,42290,3,,,,,,,,,,,
辰凯花苑,满五+双南房+近22号线+近百联,高楼层 (共6层) | 1997年建 | 2室1厅 | 73.41平米 | 南,147,"20,025",1997,73.41,25,30.73211029,121.3473317,42290,3,,,,,,,,,,,
辰凯花苑,22号线地铁+首付70万拎包住3房两卫全明户型,高楼层 (共6层) | 1998年建 | 3室2厅 | 114平米 | 南,184,"16,141",1998,114,24,30.73211029,121.3473317,42290,3,,,,,,,,,,,
辰凯花苑,上海D一站，价格便宜，店经理推荐+满五+顶楼复式,高楼层 (共6层) | 1998年建 | 4室2厅 | 149平米 | 南,251,"16,846",1998,149,24,30.73211029,121.3473317,42290,3,,,,,,,,,,,
辰凯花苑,辰凯花苑 3室2厅 南,高楼层 (共6层) | 1997年建 | 3室2厅 | 92.48平米 | 南,167,"18,058",1997,92.48,25,30.73211029,121.3473317,42290,3,,,,,,,,,,,
辰凯花苑,三房+配套成熟+近金山卫站+百联+华润万家,高楼层 (共6层) | 1998年建 | 3室1厅 | 96平米 | 南,175,"18,230",1998,96,24,30.73211029,121.3473317,42290,3,,,,,,,,,,,
辰凯花苑,辰凯花苑+大三房+精装修+满五+近金山卫站,高楼层 (共6层) | 1998年建 | 3室2厅 | 102.56平米 | 南,193,"18,819",1998,102.56,24,30.73211029,121.3473317,42290,3,,,,,,,,,,,
辰凯花苑,D家房源＋店经理推荐＋大双南户型＋看房方便,高楼层 (共6层) | 1998年建 | 2室1厅 | 77.92平米 | 南,139,"17,839",1998,77.92,24,30.73211029,121.3473317,42290,3,,,,,,,,,,,
辰凯花苑,辰凯花苑+南北通全明双南户型＋满五＋近小火车站,高楼层 (共6层) | 1998年建 | 2室1厅 | 74.2平米 | 南,150,"20,216",1998,74.2,24,30.73211029,121.3473317,42290,3,,,,,,,,,,,
辰凯花苑,满五年+南北两房+视野好+采光佳,高楼层 (共6层) | 1998年建 | 2室2厅 | 79.24平米 | 南 北,152,"19,183",1998,79.24,24,30.73211029,121.3473317,42290,3,,,,,,,,,,,
辰凯花苑,电梯房+飞机3房2卫+近百联及华润万家+配套成熟,低楼层 (共12层) | 2002年建 | 3室2厅 | 126.42平米 | 南,233,"18,431",2002,126.42,20,30.73211029,121.3473317,42290,3,,,,,,,,,,,
辰凯花苑,上海di一站 选金山 满五+拎包入住！,高楼层 (共6层) | 1999年建 | 2室2厅 | 79.24平米 | 南,150,"18,930",1999,79.24,23,30.73211029,121.3473317,42290,3,,,,,,,,,,,
辰凯花苑,辰凯大三房+南北通+楼层好位置佳+ 拎包入住,高楼层 (共6层) | 1998年建 | 3室2厅 | 109平米 | 南,189,"17,340",1998,109,24,30.73211029,121.3473317,42290,3,,,,,,,,,,,
辰凯花苑,辰凯大两房+拎包入住+储藏室+近百联,低楼层 (共6层) | 1999年建 | 2室2厅 | 92.29平米 | 南,162,"17,554",1999,92.29,23,30.73211029,121.3473317,42290,3,,,,,,,,,,,
辰凯花苑,南北通户型+近22号线+满五年+诚心出售,高楼层 (共6层) | 1999年建 | 2室1厅 | 84.94平米 | 南 北,176,"20,721",1999,84.94,23,30.73211029,121.3473317,42290,3,,,,,,,,,,,
辰凯花苑,辰凯花苑+飞机户型+户型正+通风采光好+满五,高楼层 (共6层) | 1999年建 | 3室2厅 | 102.56平米 | 南 北,185,"18,039",1999,102.56,23,30.73211029,121.3473317,42290,3,,,,,,,,,,,
辰凯花苑,电梯房+飞机3房2卫+近百联及华润万家+配套成熟,低楼层 (共12层) | 2002年建 | 3室2厅 | 126.42平米 | 南,233,"18,431",2002,126.42,20,30.73211029,121.3473317,42290,3,,,,,,,,,,,
辰凯花苑,小区中间位置，满五年，两南一北飞机户型，户型全明,高楼层 (共6层) | 1998年建 | 3室2厅 | 102.81平米 | 南 北,189,"18,384",1998,102.81,24,30.73211029,121.3473317,42290,3,,,,,,,,,,,
辰凯花苑,辰凯花苑+满五+双南房飞机户型+近22号线+近百联,中楼层 (共6层) | 1999年建 | 3室2厅 | 103平米 | 南,198,"19,224",1999,103,23,30.73211029,121.3473317,42290,3,,,,,,,,,,,
辰凯花苑,近百联+配套成熟+近地铁+全明双南房+税费少,高楼层 (共6层) | 1998年建 | 3室2厅 | 96平米 | 南,172,"17,917",1998,96,24,30.73211029,121.3473317,42290,3,,,,,,,,,,,
辰凯花苑,辰凯花苑+南北通全明＋满五＋近小火车站,高楼层 (共6层) | 1999年建 | 2室2厅 | 79平米 | 南,155,"19,621",1999,79,23,30.73211029,121.3473317,42290,3,,,,,,,,,,,
辰凯花苑,辰凯飞机户型大三房+满五年+金山卫+百联+拎包入住,高楼层 (共6层) | 1998年建 | 3室2厅 | 103平米 | 南,189,"18,350",1998,103,24,30.73211029,121.3473317,42290,3,,,,,,,,,,,
辰凯花苑,辰凯花苑 3室2厅 南,高楼层 (共6层) | 1999年建 | 3室2厅 | 102.56平米 | 南,215,"20,964",1999,102.56,23,30.73211029,121.3473317,42290,3,,,,,,,,,,,
金康花苑,楼层高采光充足视野开阔，出门菜场方便，近万达大两房,高楼层 (共6层) | 2006年建 | 2室2厅 | 101.92平米 | 南 北,135,"13,246",2006,101.92,16,30.74472788,121.319802,42290,3,,,,,,,,,,,
金康花苑,万达边上新小区，环境适宜，户型正气,中楼层 (共6层) | 2010年建 | 2室1厅 | 88.83平米 | 南,135,"15,198",2010,88.83,12,30.74472788,121.319802,42290,3,,,,,,,,,,,
金康花苑,22号线上海南站精装大三房两卫近万达三代同堂其乐融融,高楼层 (共6层) | 2006年建 | 3室2厅 | 123平米 | 南 北,158,"12,846",2006,123,16,30.74472788,121.319802,42290,3,,,,,,,,,,,
金康花苑,近万达，户型方正，采光好，视野开阔,高楼层 (共6层) | 2010年建 | 2室2厅 | 88.83平米 | 南 北,125,"14,072",2010,88.83,12,30.74472788,121.319802,42290,3,,,,,,,,,,,
金康花苑,万达旁！大三房！低楼层！满五*！无增值税！,低楼层 (共6层) | 2006年建 | 3室2厅 | 137.36平米 | 南,178,"12,959",2006,137.36,16,30.74472788,121.319802,42290,3,,,,,,,,,,,
金康花苑,*大阁楼+露台 带储藏室近万达百联和22号线,高楼层 (共6层) | 2006年建 | 3室1厅 | 100.97平米 | 南,138,"13,668",2006,100.97,16,30.74472788,121.319802,42290,3,,,,,,,,,,,
金康花苑,万达边上新小区，环境适宜，户型正气,中楼层 (共6层) | 2010年建 | 2室1厅 | 88.83平米 | 南,135,"15,198",2010,88.83,12,30.74472788,121.319802,42290,3,,,,,,,,,,,
金康花苑,大三房，户型正，楼层好，业主诚意出售,中楼层 (共6层) | 2006年建 | 3室2厅 | 125.68平米 | 南 北,165,"13,129",2006,125.68,16,30.74472788,121.319802,42290,3,,,,,,,,,,,
金康花苑,近万达，户型方正，采光好，视野开阔,高楼层 (共6层) | 2010年建 | 2室2厅 | 88.83平米 | 南 北,125,"14,072",2010,88.83,12,30.74472788,121.319802,42290,3,,,,,,,,,,,
金康花苑,房是高品质好房，户型好，适合一家人居住,高楼层 (共6层) | 2011年建 | 2室2厅 | 91.08平米 | 南 北,128,"14,054",2011,91.08,11,30.74472788,121.319802,42290,3,,,,,,,,,,,
金康花苑,近万达，户型方正，采光好，视野开阔,高楼层 (共6层) | 2010年建 | 2室2厅 | 88.83平米 | 南 北,125,"14,072",2010,88.83,12,30.74472788,121.319802,42290,3,,,,,,,,,,,
金康花苑,上海必买小区！楼层好，户型赞！大三房，配套完善！,高楼层 (共6层) | 2006年建 | 3室2厅 | 126.75平米 | 南,170,"13,413",2006,126.75,16,30.74472788,121.319802,42290,3,,,,,,,,,,,
金康花苑,养老好房！大面积三房！近万达！,低楼层 (共6层) | 2009年建 | 3室1厅 | 124.12平米 | 南,165,"13,294",2009,124.12,13,30.74472788,121.319802,42290,3,,,,,,,,,,,
金康花苑,楼层高采光充足视野开阔，出门菜场方便，近万达大两房,高楼层 (共6层) | 2006年建 | 2室2厅 | 101.92平米 | 南 北,135,"13,246",2006,101.92,16,30.74472788,121.319802,42290,3,,,,,,,,,,,
金悦华庭,三开间朝南、户型正气、附带产权车位和地下储藏室。,低楼层 (共8层) | 2011年建 | 3室2厅 | 134.76平米 | 南 北,337,"25,008",2011,134.76,11,30.75521426,121.3346415,42290,3,,,,,,,,,,,
金悦华庭,近万达+万达商圈+精装两房+拎包入住+诚意出售,低楼层 (共8层) | 2011年建 | 2室2厅 | 89平米 | 南,191,"21,461",2011,89,11,30.75521426,121.3346415,42290,3,,,,,,,,,,,
金悦华庭,满五精装两房，业主诚心出售。近万达，配套优质,低楼层 (共12层) | 2011年建 | 2室2厅 | 89.24平米 | 南,210,"23,533",2011,89.24,11,30.75521426,121.3346415,42290,3,,,,,,,,,,,
金悦华庭,近万达+万达商圈+南北两房+诚意出售+拎包入住,低楼层 (共12层) | 2011年建 | 2室1厅 | 87.07平米 | 南,195,"22,396",2011,87.07,11,30.75521426,121.3346415,42290,3,,,,,,,,,,,
金悦华庭,近万达，生活便利。两房朝南，精装修。,低楼层 (共11层) | 2011年建 | 2室1厅 | 72.31平米 | 南,178,"24,617",2011,72.31,11,30.75521426,121.3346415,42290,3,,,,,,,,,,,
金海岸花园,此房满5+近百联商圈+楼层好户型方正+近金山卫22号线,低楼层 (共6层) | 2003年建 | 3室2厅 | 123.38平米 | 南,230,"18,642",2003,123.38,19,30.73380344,121.3632081,42290,3,,,,,,,,,,,
金海岸花园,金山22号线站旁直达上海南站+精装修+南北通+采光佳,低楼层 (共6层) | 2003年建 | 3室2厅 | 98.87平米 | 南,196,"19,825",2003,98.87,19,30.73380344,121.3632081,42290,3,,,,,,,,,,,
金海岸花园,近金山卫+三房两卫+中间楼层+满五年,中楼层 (共6层) | 2003年建 | 3室1厅 | 107.59平米 | 南,215,"19,984",2003,107.59,19,30.73380344,121.3632081,42290,3,,,,,,,,,,,
金海岸花园,500米到金山卫站，适合宜居，拎包就能住,低楼层 (共6层) | 2003年建 | 3室2厅 | 107.59平米 | 南,199,"18,497",2003,107.59,19,30.73380344,121.3632081,42290,3,,,,,,,,,,,
金海岸花园,金山卫22号线+百联万达+装修清爽+首付70万拎包入住,低楼层 (共16层) | 2003年建 | 2室2厅 | 101平米 | 南,185,"18,317",2003,101,19,30.73380344,121.3632081,42290,3,,,,,,,,,,,
金海岸花园,近金山卫+三房两卫+中间楼层+满五年,中楼层 (共6层) | 2003年建 | 3室1厅 | 107.59平米 | 南,215,"19,984",2003,107.59,19,30.73380344,121.3632081,42290,3,,,,,,,,,,,
金海岸花园,近22线，配套全面，业主诚意出售,中楼层 (共6层) | 2003年建 | 3室1厅 | 89.06平米 | 南,180,"20,212",2003,89.06,19,30.73380344,121.3632081,42290,3,,,,,,,,,,,
金海岸花园,此房楼层好，满五年，业主诚心出售，到价就能签字,中楼层 (共6层) | 2003年建 | 3室2厅 | 106.71平米 | 南 北,203,"19,024",2003,106.71,19,30.73380344,121.3632081,42290,3,,,,,,,,,,,
金海岸花园,金山卫站步行500米直达南站+百联万达商圈+城市沙滩,中楼层 (共6层) | 2003年建 | 3室2厅 | 99.92平米 | 南,198,"19,816",2003,99.92,19,30.73380344,121.3632081,42290,3,,,,,,,,,,,
金海岸花园,电梯房+两房朝南采光好+ 满五年,高楼层 (共14层) | 2003年建 | 2室1厅 | 101.58平米 | 南,215,"21,166",2003,101.58,19,30.73380344,121.3632081,42290,3,,,,,,,,,,,
金海岸花园,近金山卫站+电梯房采光好+拎包入住,低楼层 (共14层) | 2003年建 | 2室2厅 | 110.04平米 | 南,209,"18,994",2003,110.04,19,30.73380344,121.3632081,42290,3,,,,,,,,,,,
金海岸花园,此房满五年，景观房，客餐厅宽阔da气，钥匙房看房方便,低楼层 (共16层) | 2003年建 | 3室2厅 | 145.11平米 | 南,265,"18,263",2003,145.11,19,30.73380344,121.3632081,42290,3,,,,,,,,,,,
金海岸花园,22号线+百联商圈+万达商圈 ，业主诚意出售,低楼层 (共6层) | 2003年建 | 3室2厅 | 106.71平米 | 南,206,"19,305",2003,106.71,19,30.73380344,121.3632081,42290,3,,,,,,,,,,,
金海岸花园,只有我家有房+电梯房全南户型+22号线站旁直达上海南站,中楼层 (共16层) | 2003年建 | 2室1厅 | 101.01平米 | 南,200,"19,801",2003,101.01,19,30.73380344,121.3632081,42290,3,,,,,,,,,,,
金海岸花园,金山22号线站旁直达上海南站+滨海城市,低楼层 (共16层) | 2003年建 | 2室1厅 | 101.01平米 | 南,170,"16,831",2003,101.01,19,30.73380344,121.3632081,42290,3,,,,,,,,,,,
金海岸花园,南北双阳台+近22号线直达上海南站+城市沙滩百联商圈,高楼层 (共16层) | 2003年建 | 4室2厅 | 169.82平米 | 南,339,"19,963",2003,169.82,19,30.73380344,121.3632081,42290,3,,,,,,,,,,,
金海岸花园,地铁22号线+精装修+拎包入住,低楼层 (共16层) | 2003年建 | 4室2厅 | 152.49平米 | 南,275,"18,034",2003,152.49,19,30.73380344,121.3632081,42290,3,,,,,,,,,,,
金海岸花园,近22号线+百联商圈+万达商圈+精装修两房房源,低楼层 (共6层) | 2003年建 | 2室1厅 | 88.97平米 | 南,170,"19,108",2003,88.97,19,30.73380344,121.3632081,42290,3,,,,,,,,,,,
金海岸花园,直达上海南站+万达百联+小区中间+复式+位置安静,高楼层 (共11层) | 2003年建 | 5室3厅 | 203平米 | 南 北,405,"19,951",2003,203,19,30.73380344,121.3632081,42290,3,,,,,,,,,,,
金海岸花园,距离金山卫站一路之隔+通透户型两房+满五年,高楼层 (共6层) | 2003年建 | 2室2厅 | 88.19平米 | 南,175,"19,844",2003,88.19,19,30.73380344,121.3632081,42290,3,,,,,,,,,,,
金海岸花园,满5税少、中间楼层、有钥匙看房方便 近22号线,中楼层 (共6层) | 2003年建 | 2室2厅 | 89.24平米 | 南,175,"19,611",2003,89.24,19,30.73380344,121.3632081,42290,3,,,,,,,,,,,
金海岸花园,电梯房+前后无遮挡+双南两房+近22号线,低楼层 (共16层) | 2003年建 | 2室2厅 | 109.41平米 | 南,203,"18,555",2003,109.41,19,30.73380344,121.3632081,42290,3,,,,,,,,,,,
金海岸花园,此房满5+近百联商圈+楼层好户型方正+近金山卫22号线,低楼层 (共6层) | 2003年建 | 3室2厅 | 123.38平米 | 南,230,"18,642",2003,123.38,19,30.73380344,121.3632081,42290,3,,,,,,,,,,,
金海岸花园,距离金山卫站一路之隔+通透户型两房+满五年,高楼层 (共6层) | 2003年建 | 2室2厅 | 88.19平米 | 南,175,"19,844",2003,88.19,19,30.73380344,121.3632081,42290,3,,,,,,,,,,,
金海岸花园,500米到金山卫站，适合宜居，拎包就能住,低楼层 (共6层) | 2003年建 | 3室2厅 | 107.59平米 | 南,199,"18,497",2003,107.59,19,30.73380344,121.3632081,42290,3,,,,,,,,,,,
金海岸花园,金山22号线站旁直达上海南站+精装修+南北通+采光佳,低楼层 (共6层) | 2003年建 | 3室2厅 | 98.87平米 | 南,196,"19,825",2003,98.87,19,30.73380344,121.3632081,42290,3,,,,,,,,,,,
金海岸花园,金山卫22线+满五*+百联商圈+万达商圈,高楼层 (共6层) | 2003年建 | 3室2厅 | 100.98平米 | 南,185,"18,321",2003,100.98,19,30.73380344,121.3632081,42290,3,,,,,,,,,,,
金海岸花园,业主诚售+百联商圈+近金山卫22号线+海滨新城+满5V一,低楼层 (共6层) | 2003年建 | 3室2厅 | 106.89平米 | 南,199.9,"18,702",2003,106.89,19,30.73380344,121.3632081,42290,3,,,,,,,,,,,
金海岸花园,金山卫22号线旁 中楼层双南阳台 飞机板式户型业主诚售,中楼层 (共6层) | 2003年建 | 3室1厅 | 112.87平米 | 南,225.5,"19,979",2003,112.87,19,30.73380344,121.3632081,42290,3,,,,,,,,,,,
金海岸花园,满5V一+好楼层+百联商圈+客厅卧室都宽敞+近22号线,中楼层 (共14层) | 2003年建 | 3室2厅 | 156.01平米 | 南,246,"15,769",2003,156.01,19,30.73380344,121.3632081,42290,3,,,,,,,,,,,
金海岸花园,金山卫22号线旁+标准户型整齐+精装修+楼层俱佳,中楼层 (共9层) | 2003年建 | 3室2厅 | 129.91平米 | 南,271,"20,861",2003,129.91,19,30.73380344,121.3632081,42290,3,,,,,,,,,,,
金海岸花园,200米到金山卫站+城市沙滩+海洋公园+精装跃层随时看,高楼层 (共6层) | 2003年建 | 5室3厅 | 215.69平米 | 南,325,"15,068",2003,215.69,19,30.73380344,121.3632081,42290,3,,,,,,,,,,,
金海岸花园,200米到金山卫站+城市沙滩+海洋公园+精装跃层随时看,高楼层 (共6层) | 2003年建 | 5室3厅 | 215.69平米 | 南,325,"15,068",2003,215.69,19,30.73380344,121.3632081,42290,3,,,,,,,,,,,
金海岸花园,新上房源+南站直达+飞机户型+视野好+近金山卫22号线,高楼层 (共6层) | 2003年建 | 3室2厅 | 112.87平米 | 南,212,"18,783",2003,112.87,19,30.73380344,121.3632081,42290,3,,,,,,,,,,,
金海岸花园,500米到金山卫站，适合宜居，拎包就能住,低楼层 (共6层) | 2003年建 | 2室1厅 | 89.38平米 | 南,166,"18,573",2003,89.38,19,30.73380344,121.3632081,42290,3,,,,,,,,,,,
金海岸花园,新上房源+百联商圈+城市沙滩+近22号线直达上海南站,高楼层 (共6层) | 2003年建 | 3室2厅 | 112.87平米 | 南,215,"19,049",2003,112.87,19,30.73380344,121.3632081,42290,3,,,,,,,,,,,
金海岸花园,金山22号线旁商品房小区+环境优美+非顶楼户型正急卖,高楼层 (共6层) | 2003年建 | 3室2厅 | 107.89平米 | 南,205,"19,001",2003,107.89,19,30.73380344,121.3632081,42290,3,,,,,,,,,,,
金海岸花园,金山卫站步行500米直达南站+百联万达商圈+城市沙滩,中楼层 (共6层) | 2003年建 | 3室2厅 | 99.92平米 | 南,198,"19,816",2003,99.92,19,30.73380344,121.3632081,42290,3,,,,,,,,,,,
金海岸花园,精装修+视野好+近金山22号线旁+诚意出售,高楼层 (共6层) | 2003年建 | 2室2厅 | 90.08平米 | 南,165,"18,318",2003,90.08,19,30.73380344,121.3632081,42290,3,,,,,,,,,,,
飞虹北村,万达商圈，四房单价总价低，满五年税费少,高楼层 (共6层) | 1997年建 | 4室2厅 | 108.87平米 | 南,112,"10,288",1997,108.87,25,30.73443707,121.3222866,42290,3,,,,,,,,,,,
飞虹北村,金山必买户型，大三房，精装修，小区配套好,高楼层 (共6层) | 2008年建 | 3室2厅 | 125.41平米 | 南,155,"12,360",2008,125.41,14,30.73443707,121.3222866,42290,3,,,,,,,,,,,
飞虹北村,近万达交通便利，上海必看小区车位充足全明户型优质,高楼层 (共6层) | 2002年建 | 2室2厅 | 98.74平米 | 南,123.4,"12,498",2002,98.74,20,30.73443707,121.3222866,42290,3,,,,,,,,,,,
飞虹北村,满五税费少，精装两房，全明户型，位置安静,高楼层 (共6层) | 2004年建 | 2室2厅 | 106.36平米 | 南 北,128,"12,035",2004,106.36,18,30.73443707,121.3222866,42290,3,,,,,,,,,,,
飞虹北村,三房两卫精装修+户型好+视野阔+公园旁+采光足,高楼层 (共6层) | 1999年建 | 3室2厅 | 115平米 | 南 北,126,"10,957",1999,115,23,30.73443707,121.3222866,42290,3,,,,,,,,,,,
飞虹北村,不仅有阁楼，而且有储藏室，不仅满五，而且唯1,高楼层 (共6层) | 2004年建 | 2室2厅 | 106.36平米 | 南 北,133,"12,505",2004,106.36,18,30.73443707,121.3222866,42290,3,,,,,,,,,,,
飞虹北村,四室同堂其乐融融 近金山22号线大面积3房，带个储藏间,高楼层 (共6层) | 1997年建 | 4室2厅 | 111.4平米 | 南,116,"10,413",1997,111.4,25,30.73443707,121.3222866,42290,3,,,,,,,,,,,
飞虹北村,三房飞机户型+配套齐+人气旺+近万达,高楼层 (共6层) | 1997年建 | 3室2厅 | 107.58平米 | 南,135,"12,549",1997,107.58,25,30.73443707,121.3222866,42290,3,,,,,,,,,,,
飞虹北村,视野好采光足，出门菜场，近万达，两室抢手户型,中楼层 (共6层) | 1997年建 | 2室1厅 | 88.37平米 | 南,118,"13,353",1997,88.37,25,30.73443707,121.3222866,42290,3,,,,,,,,,,,
飞虹北村,好户型，好配套，金山万达+百联，安家可选,高楼层 (共6层) | 2006年建 | 2室2厅 | 98.51平米 | 南,130,"13,197",2006,98.51,16,30.73443707,121.3222866,42290,3,,,,,,,,,,,
飞虹北村,不仅有阁楼，而且有储藏室，不仅满五，而且唯1,高楼层 (共6层) | 2004年建 | 2室2厅 | 106.36平米 | 南 北,133,"12,505",2004,106.36,18,30.73443707,121.3222866,42290,3,,,,,,,,,,,
飞虹北村,品质三房，楼层好，配套设施齐全,低楼层 (共6层) | 1998年建 | 3室2厅 | 115.86平米 | 南,145,"12,516",1998,115.86,24,30.73443707,121.3222866,42290,3,,,,,,,,,,,
飞虹北村,万达商圈，单价便宜，飞机户型，带阁楼和储藏室,高楼层 (共6层) | 2004年建 | 3室2厅 | 125平米 | 南,132,"10,560",2004,125,18,30.73443707,121.3222866,42290,3,,,,,,,,,,,
飞虹北村,满五税费少，精装两房，全明户型，位置安静,高楼层 (共6层) | 2004年建 | 2室2厅 | 106.36平米 | 南 北,128,"12,035",2004,106.36,18,30.73443707,121.3222866,42290,3,,,,,,,,,,,
飞虹南村,房源满五，户型好，采光足，视野开阔，单价低,高楼层 (共6层) | 1998年建 | 4室1厅 | 127.04平米 | 南,130,"10,233",1998,127.04,24,30.7319959,121.3222325,42290,3,,,,,,,,,,,
飞虹南村,急急急售，大面积三房，楼层好，带大车库，小区配套好,中楼层 (共6层) | 1998年建 | 2室1厅 | 102.45平米 | 南,125,"12,202",1998,102.45,24,30.7319959,121.3222325,42290,3,,,,,,,,,,,
飞虹南村,大三房户型好，随时可看房，交通便利，两卫生间。,低楼层 (共6层) | 1997年建 | 3室2厅 | 113.88平米 | 南,145,"12,733",1997,113.88,25,30.7319959,121.3222325,42290,3,,,,,,,,,,,
飞虹南村,首付16万，可安家大上海，朝南大两房，税费各付,高楼层 (共6层) | 1993年建 | 2室1厅 | 64.9平米 | 南,80,"12,327",1993,64.9,29,30.7319959,121.3222325,42290,3,,,,,,,,,,,
飞虹南村,满五房源，中间楼层，两房朝南，有万达有百联,低楼层 (共6层) | 1996年建 | 2室1厅 | 88.53平米 | 南,118,"13,329",1996,88.53,26,30.7319959,121.3222325,42290,3,,,,,,,,,,,
飞虹南村,大三房户型好+近万达+近小火车,高楼层 (共6层) | 1998年建 | 4室2厅 | 127.04平米 | 南 北,155,"12,201",1998,127.04,24,30.7319959,121.3222325,42290,3,,,,,,,,,,,
飞虹南村,大三房配套齐总价低，你值得拥有！,高楼层 (共6层) | 2004年建 | 3室2厅 | 131.52平米 | 南,153,"11,634",2004,131.52,18,30.7319959,121.3222325,42290,3,,,,,,,,,,,
飞虹南村,房子满五，户型好，房龄新，诚心出售,低楼层 (共6层) | 2004年建 | 2室2厅 | 102.65平米 | 南,128,"12,470",2004,102.65,18,30.7319959,121.3222325,42290,3,,,,,,,,,,,
飞虹南村,四房大户型+近万达+物美价廉+小区环境宜人,中楼层 (共6层) | 1997年建 | 4室2厅 | 142.67平米 | 南 北,140,"9,813",1997,142.67,25,30.7319959,121.3222325,42290,3,,,,,,,,,,,
飞虹南村,税费少，精装三房，商圈配套成熟！,中楼层 (共6层) | 1993年建 | 3室1厅 | 77.1平米 | 南,98,"12,711",1993,77.1,29,30.7319959,121.3222325,42290,3,,,,,,,,,,,
飞虹南村,此房税费各付，近万达近百联，配套齐全，拎包入住,高楼层 (共6层) | 1995年建 | 3室1厅 | 81.5平米 | 南 北,103,"12,639",1995,81.5,27,30.7319959,121.3222325,42290,3,,,,,,,,,,,
飞虹南村,南北两房，南北厅，居家装修，采光视野好,高楼层 (共6层) | 2004年建 | 2室2厅 | 94.69平米 | 南,121,"12,779",2004,94.69,18,30.7319959,121.3222325,42290,3,,,,,,,,,,,
飞虹南村,"房屋空间大，交通便利,配套设施全面",高楼层 (共6层) | 1997年建 | 3室2厅 | 142.67平米 | 南,139,"9,743",1997,142.67,25,30.7319959,121.3222325,42290,3,,,,,,,,,,,
飞虹南村,满五户型正朝南，大面积出行方便 四代同堂,高楼层 (共6层) | 1997年建 | 3室1厅 | 102.16平米 | 南,120,"11,747",1997,102.16,25,30.7319959,121.3222325,42290,3,,,,,,,,,,,
飞虹南村,金山卫直达上海南站+近公园+储藏室,高楼层 (共6层) | 2003年建 | 3室2厅 | 122.05平米 | 南,138,"11,307",2003,122.05,19,30.7319959,121.3222325,42290,3,,,,,,,,,,,
飞虹南村,难得的小三房户型+总价低税费少,高楼层 (共6层) | 1995年建 | 3室1厅 | 76.82平米 | 南,93,"12,107",1995,76.82,27,30.7319959,121.3222325,42290,3,,,,,,,,,,,
飞虹南村,中间楼层两房+价格低+精装修+近万达,中楼层 (共6层) | 1995年建 | 2室1厅 | 89.09平米 | 南 北,113,"12,684",1995,89.09,27,30.7319959,121.3222325,42290,3,,,,,,,,,,,
飞虹南村,三房户型+视野好采光足+满五税少+带储藏室,高楼层 (共6层) | 1997年建 | 3室2厅 | 123.64平米 | 南,130,"10,515",1997,123.64,25,30.7319959,121.3222325,42290,3,,,,,,,,,,,
飞虹南村,双南户型，位置好，装修好，拎包入住,高楼层 (共6层) | 1995年建 | 2室1厅 | 69.4平米 | 东南,92,"13,257",1995,69.4,27,30.7319959,121.3222325,42290,3,,,,,,,,,,,
龙泽园,大三房，满五年税费少，配套成熟，交通便利,低楼层 (共16层) | 2007年建 | 3室1厅 | 127平米 | 南,317,"24,961",2007,127,15,30.75174288,121.348933,42290,3,,,,,,,,,,,
龙泽园,南北双阳台，带车位，楼层好，阳光明媚！！,中楼层 (共16层) | 2007年建 | 3室2厅 | 126.71平米 | 南 北,315,"24,860",2007,126.71,15,30.75174288,121.348933,42290,3,,,,,,,,,,,
龙泽园,大两房，满五，楼层好，视野宽阔，采光充足,低楼层 (共16层) | 2007年建 | 2室2厅 | 99.33平米 | 南,233,"23,458",2007,99.33,15,30.75174288,121.348933,42290,3,,,,,,,,,,,
龙泽园,满五年 品质小区 配套成熟 交通便利,低楼层 (共16层) | 2007年建 | 2室2厅 | 99.33平米 | 南 北,230,"23,156",2007,99.33,15,30.75174288,121.348933,42290,3,,,,,,,,,,,
龙泽园,大三房，低总价，满5v1，精装修可直接拎包入住！！,低楼层 (共12层) | 2009年建 | 3室2厅 | 137.19平米 | 南,288,"20,993",2009,137.19,13,30.75174288,121.348933,42290,3,,,,,,,,,,,
龙泽园,大两房 配套成熟 诚意出售 看房方便,低楼层 (共16层) | 2009年建 | 2室2厅 | 120.56平米 | 南,262,"21,732",2009,120.56,13,30.75174288,121.348933,42290,3,,,,,,,,,,,
龙泽园,满五年税费少，近万达和欧尚。楼层好，户型方正。,低楼层 (共18层) | 2011年建 | 2室2厅 | 90.26平米 | 南,227,"25,150",2011,90.26,11,30.75174288,121.348933,42290,3,,,,,,,,,,,
龙泽园,新上好楼层 南北通双阳台 诚意出售,中楼层 (共16层) | 2007年建 | 3室2厅 | 126.71平米 | 西,305,"24,071",2007,126.71,15,30.75174288,121.348933,42290,3,,,,,,,,,,,
龙泽园,近万达，税费低，采光好，有车位,低楼层 (共12层) | 2007年建 | 3室2厅 | 138.63平米 | 南,340,"24,526",2007,138.63,15,30.75174288,121.348933,42290,3,,,,,,,,,,,
龙泽园,近万达欧尚，税费少。楼层好，采光好，户型方正,中楼层 (共12层) | 2007年建 | 3室2厅 | 138.63平米 | 南 北,330,"23,805",2007,138.63,15,30.75174288,121.348933,42290,3,,,,,,,,,,,
龙泽园,南北双阳台，带车位，楼层好，阳光明媚！！,中楼层 (共16层) | 2007年建 | 3室2厅 | 126.71平米 | 南 北,315,"24,860",2007,126.71,15,30.75174288,121.348933,42290,3,,,,,,,,,,,
龙泽园五期,税费少，单价低精装两房，户型好,低楼层 (共28层) | 2013年建 | 2室2厅 | 94.97平米 | 南,225,"23,692",2013,94.97,9,30.75299988,121.344945,42290,3,,,,,,,,,,,
龙泽园五期,低单价大三房 随时看房 满五急售可谈,低楼层 (共30层) | 2013年建 | 3室2厅 | 137.89平米 | 南 北,289,"20,959",2013,137.89,9,30.75299988,121.344945,42290,3,,,,,,,,,,,
龙泽园五期,近万达，红星美凯龙，欧尚，区府，低总价两房。,高楼层 (共28层) | 2013年建 | 2室2厅 | 90.08平米 | 南,223,"24,756",2013,90.08,9,30.75299988,121.344945,42290,3,,,,,,,,,,,
龙泽园五期,精装3房，拎包入住，一栋一户才有的大露台,低楼层 (共30层) | 2013年建 | 3室2厅 | 139.51平米 | 南,300,"21,504",2013,139.51,9,30.75299988,121.344945,42290,3,,,,,,,,,,,
龙泽园六期,满五年，带车位，精装修，视野开阔，采光好,高楼层 (共30层) | 2013年建 | 3室2厅 | 139平米 | 南,360,"25,900",2013,139,9,30.7537648,121.3486524,42290,3,,,,,,,,,,,
龙泽园六期,近区府万达 配套醇熟 满五年 诚意出售 全明采光好,低楼层 (共28层) | 2013年建 | 2室2厅 | 88.39平米 | 南,218,"24,664",2013,88.39,9,30.7537648,121.3486524,42290,3,,,,,,,,,,,
